8.572000000000000000e+03
8.572000000000000000e+03
8.573000000000000000e+03
8.573000000000000000e+03
8.574000000000000000e+03
8.573000000000000000e+03
8.572000000000000000e+03
8.568000000000000000e+03
8.562000000000000000e+03
8.556000000000000000e+03
8.547000000000000000e+03
8.538000000000000000e+03
8.527000000000000000e+03
8.519000000000000000e+03
8.511000000000000000e+03
8.505000000000000000e+03
8.499000000000000000e+03
8.494000000000000000e+03
8.489000000000000000e+03
8.487000000000000000e+03
8.487000000000000000e+03
8.489000000000000000e+03
8.492000000000000000e+03
8.496000000000000000e+03
8.499000000000000000e+03
8.501000000000000000e+03
8.501000000000000000e+03
8.500000000000000000e+03
8.500000000000000000e+03
8.499000000000000000e+03
8.496000000000000000e+03
8.492000000000000000e+03
8.491000000000000000e+03
8.491000000000000000e+03
8.491000000000000000e+03
8.487000000000000000e+03
8.480000000000000000e+03
8.472000000000000000e+03
8.467000000000000000e+03
8.465000000000000000e+03
8.463000000000000000e+03
8.463000000000000000e+03
8.462000000000000000e+03
8.460000000000000000e+03
8.458000000000000000e+03
8.455000000000000000e+03
8.452000000000000000e+03
8.447000000000000000e+03
8.439000000000000000e+03
8.433000000000000000e+03
8.429000000000000000e+03
8.425000000000000000e+03
8.424000000000000000e+03
8.423000000000000000e+03
8.422000000000000000e+03
8.421000000000000000e+03
8.419000000000000000e+03
8.418000000000000000e+03
8.414000000000000000e+03
8.409000000000000000e+03
8.403000000000000000e+03
8.398000000000000000e+03
8.394000000000000000e+03
8.391000000000000000e+03
8.387000000000000000e+03
8.385000000000000000e+03
8.383000000000000000e+03
8.380000000000000000e+03
8.376000000000000000e+03
8.370000000000000000e+03
8.364000000000000000e+03
8.359000000000000000e+03
8.354000000000000000e+03
8.348000000000000000e+03
8.341000000000000000e+03
8.331000000000000000e+03
8.319000000000000000e+03
8.303000000000000000e+03
8.280000000000000000e+03
8.248000000000000000e+03
8.194000000000000000e+03
8.107000000000000000e+03
8.007000000000000000e+03
7.860000000000000000e+03
7.642000000000000000e+03
7.413000000000000000e+03
7.203000000000000000e+03
7.018000000000000000e+03
6.903000000000000000e+03
6.892000000000000000e+03
6.993000000000000000e+03
7.165000000000000000e+03
7.356000000000000000e+03
7.579000000000000000e+03
7.753000000000000000e+03
7.883000000000000000e+03
7.981000000000000000e+03
8.055000000000000000e+03
8.111000000000000000e+03
8.154000000000000000e+03
8.175000000000000000e+03
8.184000000000000000e+03
8.181000000000000000e+03
8.176000000000000000e+03
8.165000000000000000e+03
8.150000000000000000e+03
8.133000000000000000e+03
8.116000000000000000e+03
8.104000000000000000e+03
8.097000000000000000e+03
8.098000000000000000e+03
8.104000000000000000e+03
8.114000000000000000e+03
8.124000000000000000e+03
8.134000000000000000e+03
8.144000000000000000e+03
8.152000000000000000e+03
8.156000000000000000e+03
8.156000000000000000e+03
8.155000000000000000e+03
8.153000000000000000e+03
8.150000000000000000e+03
8.148000000000000000e+03
8.144000000000000000e+03
8.139000000000000000e+03
8.133000000000000000e+03
8.128000000000000000e+03
8.122000000000000000e+03
8.118000000000000000e+03
8.115000000000000000e+03
8.111000000000000000e+03
8.106000000000000000e+03
8.100000000000000000e+03
8.093000000000000000e+03
8.087000000000000000e+03
8.078000000000000000e+03
8.069000000000000000e+03
8.061000000000000000e+03
8.055000000000000000e+03
8.051000000000000000e+03
8.047000000000000000e+03
8.041000000000000000e+03
8.033000000000000000e+03
8.023000000000000000e+03
8.014000000000000000e+03
8.003000000000000000e+03
7.991000000000000000e+03
7.976000000000000000e+03
7.959000000000000000e+03
7.943000000000000000e+03
7.924000000000000000e+03
7.903000000000000000e+03
7.882000000000000000e+03
7.866000000000000000e+03
7.856000000000000000e+03
7.851000000000000000e+03
7.849000000000000000e+03
7.848000000000000000e+03
7.849000000000000000e+03
7.851000000000000000e+03
7.856000000000000000e+03
7.861000000000000000e+03
7.870000000000000000e+03
7.874000000000000000e+03
7.876000000000000000e+03
7.873000000000000000e+03
7.867000000000000000e+03
7.859000000000000000e+03
7.853000000000000000e+03
7.845000000000000000e+03
7.838000000000000000e+03
7.827000000000000000e+03
7.815000000000000000e+03
7.798000000000000000e+03
7.777000000000000000e+03
7.751000000000000000e+03
7.717000000000000000e+03
7.676000000000000000e+03
7.611000000000000000e+03
7.531000000000000000e+03
7.423000000000000000e+03
7.302000000000000000e+03
7.201000000000000000e+03
7.099000000000000000e+03
6.998000000000000000e+03
6.897000000000000000e+03
6.780000000000000000e+03
6.694000000000000000e+03
6.646000000000000000e+03
6.654000000000000000e+03
6.708000000000000000e+03
6.793000000000000000e+03
6.921000000000000000e+03
7.055000000000000000e+03
7.174000000000000000e+03
7.281000000000000000e+03
7.368000000000000000e+03
7.434000000000000000e+03
7.475000000000000000e+03
7.507000000000000000e+03
7.530000000000000000e+03
7.546000000000000000e+03
7.558000000000000000e+03
7.569000000000000000e+03
7.580000000000000000e+03
7.590000000000000000e+03
7.598000000000000000e+03
7.603000000000000000e+03
7.606000000000000000e+03
7.607000000000000000e+03
7.609000000000000000e+03
7.607000000000000000e+03
7.605000000000000000e+03
7.600000000000000000e+03
7.593000000000000000e+03
7.585000000000000000e+03
7.576000000000000000e+03
7.569000000000000000e+03
7.565000000000000000e+03
7.561000000000000000e+03
7.557000000000000000e+03
7.551000000000000000e+03
7.544000000000000000e+03
7.537000000000000000e+03
7.528000000000000000e+03
7.521000000000000000e+03
7.513000000000000000e+03
7.506000000000000000e+03
7.498000000000000000e+03
7.491000000000000000e+03
7.483000000000000000e+03
7.475000000000000000e+03
7.466000000000000000e+03
7.456000000000000000e+03
7.446000000000000000e+03
7.434000000000000000e+03
7.422000000000000000e+03
7.407000000000000000e+03
7.388000000000000000e+03
7.366000000000000000e+03
7.339000000000000000e+03
7.315000000000000000e+03
7.298000000000000000e+03
7.293000000000000000e+03
7.296000000000000000e+03
7.305000000000000000e+03
7.313000000000000000e+03
7.317000000000000000e+03
7.317000000000000000e+03
7.315000000000000000e+03
7.310000000000000000e+03
7.303000000000000000e+03
7.296000000000000000e+03
7.290000000000000000e+03
7.281000000000000000e+03
7.269000000000000000e+03
7.258000000000000000e+03
7.246000000000000000e+03
7.235000000000000000e+03
7.225000000000000000e+03
7.215000000000000000e+03
7.205000000000000000e+03
7.195000000000000000e+03
7.185000000000000000e+03
7.175000000000000000e+03
7.167000000000000000e+03
7.159000000000000000e+03
7.148000000000000000e+03
7.138000000000000000e+03
7.127000000000000000e+03
7.116000000000000000e+03
7.107000000000000000e+03
7.098000000000000000e+03
7.089000000000000000e+03
7.078000000000000000e+03
7.067000000000000000e+03
7.053000000000000000e+03
7.041000000000000000e+03
7.029000000000000000e+03
7.017000000000000000e+03
7.005000000000000000e+03
6.994000000000000000e+03
6.983000000000000000e+03
6.972000000000000000e+03
6.961000000000000000e+03
6.949000000000000000e+03
6.935000000000000000e+03
6.922000000000000000e+03
6.911000000000000000e+03
6.899000000000000000e+03
6.885000000000000000e+03
6.871000000000000000e+03
6.856000000000000000e+03
6.841000000000000000e+03
6.827000000000000000e+03
6.813000000000000000e+03
6.800000000000000000e+03
6.788000000000000000e+03
6.774000000000000000e+03
6.760000000000000000e+03
6.744000000000000000e+03
6.726000000000000000e+03
6.708000000000000000e+03
6.691000000000000000e+03
6.676000000000000000e+03
6.660000000000000000e+03
6.645000000000000000e+03
6.630000000000000000e+03
6.614000000000000000e+03
6.598000000000000000e+03
6.581000000000000000e+03
6.564000000000000000e+03
6.546000000000000000e+03
6.528000000000000000e+03
6.508000000000000000e+03
6.487000000000000000e+03
6.466000000000000000e+03
6.444000000000000000e+03
6.425000000000000000e+03
6.405000000000000000e+03
6.384000000000000000e+03
6.360000000000000000e+03
6.339000000000000000e+03
6.318000000000000000e+03
6.299000000000000000e+03
6.275000000000000000e+03
6.250000000000000000e+03
6.222000000000000000e+03
6.194000000000000000e+03
6.165000000000000000e+03
6.135000000000000000e+03
6.104000000000000000e+03
6.073000000000000000e+03
6.044000000000000000e+03
6.014000000000000000e+03
5.982000000000000000e+03
5.946000000000000000e+03
5.906000000000000000e+03
5.862000000000000000e+03
5.810000000000000000e+03
5.758000000000000000e+03
5.711000000000000000e+03
5.662000000000000000e+03
5.610000000000000000e+03
5.548000000000000000e+03
5.484000000000000000e+03
5.420000000000000000e+03
5.352000000000000000e+03
5.281000000000000000e+03
5.209000000000000000e+03
5.130000000000000000e+03
5.037000000000000000e+03
4.944000000000000000e+03
4.858000000000000000e+03
4.770000000000000000e+03
4.664000000000000000e+03
4.557000000000000000e+03
4.458000000000000000e+03
4.344000000000000000e+03
4.228000000000000000e+03
4.118000000000000000e+03
4.009000000000000000e+03
3.894000000000000000e+03
3.775000000000000000e+03
3.662000000000000000e+03
3.554000000000000000e+03
3.446000000000000000e+03
3.338000000000000000e+03
3.236000000000000000e+03
3.133000000000000000e+03
3.034000000000000000e+03
2.946000000000000000e+03
2.860000000000000000e+03
2.774000000000000000e+03
2.692000000000000000e+03
2.616000000000000000e+03
2.543000000000000000e+03
2.474000000000000000e+03
2.413000000000000000e+03
2.355000000000000000e+03
2.303000000000000000e+03
2.252000000000000000e+03
2.204000000000000000e+03
2.156000000000000000e+03
2.112000000000000000e+03
2.070000000000000000e+03
2.031000000000000000e+03
1.994000000000000000e+03
1.961000000000000000e+03
1.930000000000000000e+03
1.899000000000000000e+03
1.871000000000000000e+03
1.843000000000000000e+03
1.819000000000000000e+03
1.797000000000000000e+03
1.777000000000000000e+03
1.758000000000000000e+03
1.740000000000000000e+03
1.724000000000000000e+03
1.707000000000000000e+03
1.692000000000000000e+03
1.677000000000000000e+03
1.664000000000000000e+03
1.652000000000000000e+03
1.642000000000000000e+03
1.633000000000000000e+03
1.624000000000000000e+03
1.619000000000000000e+03
1.614000000000000000e+03
1.610000000000000000e+03
1.609000000000000000e+03
1.607000000000000000e+03
1.605000000000000000e+03
1.604000000000000000e+03
1.604000000000000000e+03
1.604000000000000000e+03
1.606000000000000000e+03
1.610000000000000000e+03
1.614000000000000000e+03
1.620000000000000000e+03
1.626000000000000000e+03
1.635000000000000000e+03
1.645000000000000000e+03
1.654000000000000000e+03
1.666000000000000000e+03
1.678000000000000000e+03
1.693000000000000000e+03
1.708000000000000000e+03
1.724000000000000000e+03
1.740000000000000000e+03
1.760000000000000000e+03
1.780000000000000000e+03
1.805000000000000000e+03
1.831000000000000000e+03
1.858000000000000000e+03
1.888000000000000000e+03
1.919000000000000000e+03
1.951000000000000000e+03
1.986000000000000000e+03
2.025000000000000000e+03
2.066000000000000000e+03
2.109000000000000000e+03
2.152000000000000000e+03
2.201000000000000000e+03
2.255000000000000000e+03
2.310000000000000000e+03
2.369000000000000000e+03
2.433000000000000000e+03
2.506000000000000000e+03
2.580000000000000000e+03
2.659000000000000000e+03
2.742000000000000000e+03
2.812000000000000000e+03
2.905000000000000000e+03
2.995000000000000000e+03
3.096000000000000000e+03
3.201000000000000000e+03
3.304000000000000000e+03
3.415000000000000000e+03
3.524000000000000000e+03
3.630000000000000000e+03
3.741000000000000000e+03
3.858000000000000000e+03
3.964000000000000000e+03
4.066000000000000000e+03
4.169000000000000000e+03
4.263000000000000000e+03
4.346000000000000000e+03
4.431000000000000000e+03
4.513000000000000000e+03
4.593000000000000000e+03
4.673000000000000000e+03
4.761000000000000000e+03
4.852000000000000000e+03
4.939000000000000000e+03
5.033000000000000000e+03
5.130000000000000000e+03
5.213000000000000000e+03
5.290000000000000000e+03
5.358000000000000000e+03
5.419000000000000000e+03
5.467000000000000000e+03
5.512000000000000000e+03
5.557000000000000000e+03
5.608000000000000000e+03
5.669000000000000000e+03
5.733000000000000000e+03
5.793000000000000000e+03
5.843000000000000000e+03
5.886000000000000000e+03
5.930000000000000000e+03
5.974000000000000000e+03
6.012000000000000000e+03
6.048000000000000000e+03
6.082000000000000000e+03
6.114000000000000000e+03
6.145000000000000000e+03
6.173000000000000000e+03
6.199000000000000000e+03
6.224000000000000000e+03
6.249000000000000000e+03
6.274000000000000000e+03
6.300000000000000000e+03
6.324000000000000000e+03
6.346000000000000000e+03
6.368000000000000000e+03
6.389000000000000000e+03
6.409000000000000000e+03
6.432000000000000000e+03
6.453000000000000000e+03
6.474000000000000000e+03
6.495000000000000000e+03
6.513000000000000000e+03
6.530000000000000000e+03
6.546000000000000000e+03
6.561000000000000000e+03
6.576000000000000000e+03
6.593000000000000000e+03
6.610000000000000000e+03
6.626000000000000000e+03
6.640000000000000000e+03
6.653000000000000000e+03
6.664000000000000000e+03
6.674000000000000000e+03
6.685000000000000000e+03
6.694000000000000000e+03
6.701000000000000000e+03
6.710000000000000000e+03
6.718000000000000000e+03
6.727000000000000000e+03
6.736000000000000000e+03
6.743000000000000000e+03
6.747000000000000000e+03
6.747000000000000000e+03
6.744000000000000000e+03
6.741000000000000000e+03
6.741000000000000000e+03
6.747000000000000000e+03
6.764000000000000000e+03
6.787000000000000000e+03
6.812000000000000000e+03
6.837000000000000000e+03
6.857000000000000000e+03
6.873000000000000000e+03
6.883000000000000000e+03
6.888000000000000000e+03
6.887000000000000000e+03
6.879000000000000000e+03
6.862000000000000000e+03
6.832000000000000000e+03
6.790000000000000000e+03
6.719000000000000000e+03
6.669000000000000000e+03
6.720000000000000000e+03
6.799000000000000000e+03
6.886000000000000000e+03
6.948000000000000000e+03
6.993000000000000000e+03
7.028000000000000000e+03
7.060000000000000000e+03
7.086000000000000000e+03
7.106000000000000000e+03
7.125000000000000000e+03
7.141000000000000000e+03
7.155000000000000000e+03
7.169000000000000000e+03
7.182000000000000000e+03
7.193000000000000000e+03
7.203000000000000000e+03
7.211000000000000000e+03
7.218000000000000000e+03
7.225000000000000000e+03
7.234000000000000000e+03
7.247000000000000000e+03
7.260000000000000000e+03
7.272000000000000000e+03
7.281000000000000000e+03
7.290000000000000000e+03
7.298000000000000000e+03
7.306000000000000000e+03
7.313000000000000000e+03
7.321000000000000000e+03
7.329000000000000000e+03
7.338000000000000000e+03
7.348000000000000000e+03
7.357000000000000000e+03
7.366000000000000000e+03
7.375000000000000000e+03
7.383000000000000000e+03
7.390000000000000000e+03
7.396000000000000000e+03
7.402000000000000000e+03
7.411000000000000000e+03
7.417000000000000000e+03
7.426000000000000000e+03
7.433000000000000000e+03
7.443000000000000000e+03
7.452000000000000000e+03
7.461000000000000000e+03
7.468000000000000000e+03
7.473000000000000000e+03
7.481000000000000000e+03
7.488000000000000000e+03
7.497000000000000000e+03
7.505000000000000000e+03
7.512000000000000000e+03
7.515000000000000000e+03
7.516000000000000000e+03
7.517000000000000000e+03
7.520000000000000000e+03
7.523000000000000000e+03
7.530000000000000000e+03
7.539000000000000000e+03
7.547000000000000000e+03
7.557000000000000000e+03
7.566000000000000000e+03
7.575000000000000000e+03
7.583000000000000000e+03
7.590000000000000000e+03
7.598000000000000000e+03
7.604000000000000000e+03
7.613000000000000000e+03
7.620000000000000000e+03
7.628000000000000000e+03
7.633000000000000000e+03
7.640000000000000000e+03
7.646000000000000000e+03
7.651000000000000000e+03
7.657000000000000000e+03
7.663000000000000000e+03
7.669000000000000000e+03
7.675000000000000000e+03
7.682000000000000000e+03
7.689000000000000000e+03
7.694000000000000000e+03
7.699000000000000000e+03
7.707000000000000000e+03
7.715000000000000000e+03
7.725000000000000000e+03
7.734000000000000000e+03
7.741000000000000000e+03
7.747000000000000000e+03
7.751000000000000000e+03
7.756000000000000000e+03
7.761000000000000000e+03
7.765000000000000000e+03
7.771000000000000000e+03
7.777000000000000000e+03
7.785000000000000000e+03
7.790000000000000000e+03
7.794000000000000000e+03
7.800000000000000000e+03
7.806000000000000000e+03
7.813000000000000000e+03
7.820000000000000000e+03
7.826000000000000000e+03
7.831000000000000000e+03
7.836000000000000000e+03
7.841000000000000000e+03
7.847000000000000000e+03
7.853000000000000000e+03
7.857000000000000000e+03
7.860000000000000000e+03
7.859000000000000000e+03
7.856000000000000000e+03
7.852000000000000000e+03
7.846000000000000000e+03
7.842000000000000000e+03
7.838000000000000000e+03
7.835000000000000000e+03
7.836000000000000000e+03
7.838000000000000000e+03
7.841000000000000000e+03
7.845000000000000000e+03
7.849000000000000000e+03
7.847000000000000000e+03
7.838000000000000000e+03
7.822000000000000000e+03
7.800000000000000000e+03
7.780000000000000000e+03
7.764000000000000000e+03
7.752000000000000000e+03
7.747000000000000000e+03
7.749000000000000000e+03
7.757000000000000000e+03
7.771000000000000000e+03
7.793000000000000000e+03
7.816000000000000000e+03
7.841000000000000000e+03
7.869000000000000000e+03
7.894000000000000000e+03
7.920000000000000000e+03
7.943000000000000000e+03
7.965000000000000000e+03
7.983000000000000000e+03
7.999000000000000000e+03
8.012000000000000000e+03
8.022000000000000000e+03
8.030000000000000000e+03
8.037000000000000000e+03
8.042000000000000000e+03
8.047000000000000000e+03
8.052000000000000000e+03
8.057000000000000000e+03
8.061000000000000000e+03
8.065000000000000000e+03
8.070000000000000000e+03
8.076000000000000000e+03
8.080000000000000000e+03
8.082000000000000000e+03
8.084000000000000000e+03
8.085000000000000000e+03
8.086000000000000000e+03
8.088000000000000000e+03
8.090000000000000000e+03
8.092000000000000000e+03
8.093000000000000000e+03
8.091000000000000000e+03
8.089000000000000000e+03
8.086000000000000000e+03
8.086000000000000000e+03
8.086000000000000000e+03
8.090000000000000000e+03
8.096000000000000000e+03
8.107000000000000000e+03
8.120000000000000000e+03
8.132000000000000000e+03
8.141000000000000000e+03
8.147000000000000000e+03
8.151000000000000000e+03
8.154000000000000000e+03
8.159000000000000000e+03
8.164000000000000000e+03
8.168000000000000000e+03
8.173000000000000000e+03
8.176000000000000000e+03
8.178000000000000000e+03
8.178000000000000000e+03
8.181000000000000000e+03
8.184000000000000000e+03
8.186000000000000000e+03
8.190000000000000000e+03
8.196000000000000000e+03
8.203000000000000000e+03
8.210000000000000000e+03
8.217000000000000000e+03
8.224000000000000000e+03
8.230000000000000000e+03
8.236000000000000000e+03
8.242000000000000000e+03
8.248000000000000000e+03
8.253000000000000000e+03
8.256000000000000000e+03
8.258000000000000000e+03
8.261000000000000000e+03
8.264000000000000000e+03
8.266000000000000000e+03
8.269000000000000000e+03
8.272000000000000000e+03
8.275000000000000000e+03
8.279000000000000000e+03
8.282000000000000000e+03
8.284000000000000000e+03
8.286000000000000000e+03
8.288000000000000000e+03
8.292000000000000000e+03
8.295000000000000000e+03
8.297000000000000000e+03
8.299000000000000000e+03
8.300000000000000000e+03
8.300000000000000000e+03
8.301000000000000000e+03
8.302000000000000000e+03
8.304000000000000000e+03
8.308000000000000000e+03
8.313000000000000000e+03
8.317000000000000000e+03
8.320000000000000000e+03
8.323000000000000000e+03
8.326000000000000000e+03
8.330000000000000000e+03
8.336000000000000000e+03
8.340000000000000000e+03
8.342000000000000000e+03
8.342000000000000000e+03
8.341000000000000000e+03
8.338000000000000000e+03
8.337000000000000000e+03
8.338000000000000000e+03
8.341000000000000000e+03
8.347000000000000000e+03
8.354000000000000000e+03
8.361000000000000000e+03
8.367000000000000000e+03
8.370000000000000000e+03
8.371000000000000000e+03
8.373000000000000000e+03
8.376000000000000000e+03
8.381000000000000000e+03
8.386000000000000000e+03
