8652 9795
8652.01 9800
8652.02 9804
8652.03 9809
8652.04 9815
8652.052 9823
8652.062 9829
8652.072 9831
8652.082 9834
8652.092 9835
8652.102 9837
8652.114 9839
8652.124 9842
8652.134 9845
8652.144 9845
8652.154 9844
8652.164 9844
8652.174 9844
8652.186 9846
8652.196 9846
8652.206 9847
8652.216 9846
8652.226 9842
8652.236 9839
8652.248 9838
8652.258 9838
8652.268 9841
8652.278 9841
8652.288 9845
8652.298 9845
8652.308 9844
8652.32 9838
8652.33 9834
8652.34 9826
8652.35 9817
8652.36 9805
8652.37 9791
8652.382 9767
8652.392 9740
8652.402 9710
8652.412 9671
8652.422 9629
8652.432 9584
8652.444 9528
8652.454 9487
8652.464 9452
8652.474 9429
8652.484 9416
8652.494 9421
8652.504 9442
8652.516 9490
8652.526 9538
8652.536 9584
8652.546 9629
8652.556 9668
8652.566 9701
8652.578 9736
8652.588 9759
8652.598 9780
8652.608 9795
8652.618 9809
8652.628 9817
8652.638 9823
8652.65 9825
8652.66 9826
8652.67 9827
8652.68 9830
8652.69 9832
8652.7 9838
8652.712 9840
8652.722 9843
8652.732 9844
8652.742 9846
8652.752 9844
8652.762 9842
8652.772 9841
8652.784 9838
8652.794 9837
8652.804 9837
8652.814 9836
8652.824 9836
8652.834 9834
8652.846 9835
8652.856 9837
8652.866 9837
8652.876 9839
8652.886 9841
8652.896 9842
8652.906 9841
8652.918 9840
8652.928 9839
8652.938 9837
8652.948 9837
8652.958 9838
8652.968 9837
8652.98 9838
8652.99 9838
8653 9839
8653.01 9838
8653.02 9837
8653.03 9836
8653.04 9836
8653.052 9834
8653.062 9835
8653.072 9836
8653.082 9839
8653.092 9840
8653.102 9841
8653.114 9845
8653.124 9844
8653.134 9843
8653.144 9840
8653.154 9837
8653.164 9835
8653.174 9833
8653.186 9832
8653.196 9833
8653.206 9830
8653.216 9831
8653.226 9831
8653.236 9831
8653.248 9829
8653.258 9828
8653.268 9824
8653.278 9821
8653.288 9818
8653.298 9813
8653.308 9806
8653.32 9796
8653.33 9788
8653.34 9780
8653.35 9772
8653.36 9766
8653.37 9761
8653.382 9758
8653.392 9760
8653.402 9762
8653.412 9767
8653.422 9773
8653.432 9781
8653.444 9791
8653.454 9798
8653.464 9806
8653.474 9812
8653.484 9817
8653.494 9820
8653.504 9822
8653.516 9825
8653.526 9824
8653.536 9822
8653.546 9820
8653.556 9820
8653.566 9819
8653.578 9819
8653.588 9818
8653.598 9818
8653.608 9815
8653.618 9816
8653.628 9814
8653.638 9813
8653.65 9814
8653.66 9814
8653.67 9812
8653.68 9811
8653.69 9810
8653.7 9810
8653.712 9810
8653.722 9809
8653.732 9809
8653.742 9809
8653.752 9809
8653.762 9809
8653.772 9808
8653.784 9808
8653.794 9807
8653.804 9804
8653.814 9804
8653.824 9802
8653.834 9802
8653.846 9802
8653.856 9803
8653.866 9802
8653.876 9801
8653.886 9798
8653.896 9793
8653.906 9787
8653.918 9779
8653.928 9771
8653.938 9759
8653.948 9748
8653.958 9734
8653.968 9718
8653.98 9700
8653.99 9685
8654 9670
8654.01 9656
8654.02 9645
8654.03 9633
8654.04 9620
8654.052 9604
8654.062 9595
8654.072 9588
8654.082 9585
8654.092 9589
8654.102 9597
8654.114 9613
8654.124 9626
8654.134 9644
8654.144 9662
8654.154 9679
8654.164 9697
8654.174 9712
8654.186 9727
8654.196 9736
8654.206 9743
8654.216 9749
8654.226 9751
8654.236 9754
8654.248 9755
8654.258 9755
8654.268 9755
8654.278 9752
8654.288 9748
8654.298 9739
8654.308 9725
8654.32 9703
8654.33 9676
8654.34 9646
8654.35 9604
8654.36 9549
8654.37 9482
8654.382 9392
8654.392 9324
8654.402 9261
8654.412 9203
8654.422 9158
8654.432 9153
8654.444 9190
8654.454 9230
8654.464 9280
8654.474 9337
8654.484 9394
8654.494 9449
8654.504 9496
8654.516 9538
8654.526 9564
8654.536 9584
8654.546 9596
8654.556 9603
8654.566 9605
8654.578 9602
8654.588 9598
8654.598 9592
8654.608 9586
8654.618 9584
8654.628 9583
8654.638 9586
8654.65 9596
8654.66 9609
8654.67 9621
8654.68 9637
8654.69 9650
8654.7 9665
8654.712 9678
8654.722 9688
8654.732 9697
8654.742 9704
8654.752 9711
8654.762 9716
8654.772 9718
8654.784 9719
8654.794 9719
8654.804 9717
8654.814 9715
8654.824 9713
8654.834 9710
8654.846 9710
8654.856 9710
8654.866 9708
8654.876 9707
8654.886 9709
8654.896 9708
8654.906 9709
8654.918 9707
8654.928 9710
8654.938 9711
8654.948 9711
8654.958 9711
8654.968 9710
8654.98 9708
8654.99 9706
8655 9705
8655.01 9705
8655.02 9702
8655.03 9698
8655.04 9693
8655.052 9683
8655.062 9675
8655.072 9667
8655.082 9659
8655.092 9652
8655.102 9644
8655.114 9632
8655.124 9623
8655.134 9616
8655.144 9610
8655.154 9607
8655.164 9604
8655.174 9605
8655.186 9609
8655.196 9612
8655.206 9617
8655.216 9622
8655.226 9630
8655.236 9637
8655.248 9645
8655.258 9650
8655.268 9658
8655.278 9662
8655.288 9667
8655.298 9671
8655.308 9674
8655.32 9678
8655.33 9679
8655.34 9679
8655.35 9679
8655.36 9679
8655.37 9679
8655.382 9680
8655.392 9681
8655.402 9680
8655.412 9680
8655.422 9678
8655.432 9678
8655.444 9675
8655.454 9673
8655.464 9672
8655.474 9672
8655.484 9672
8655.494 9674
8655.504 9673
8655.516 9674
8655.526 9674
8655.536 9673
8655.546 9675
8655.556 9673
8655.566 9673
8655.578 9671
8655.588 9670
8655.598 9669
8655.608 9670
8655.618 9668
8655.628 9669
8655.638 9668
8655.65 9668
8655.66 9666
8655.67 9664
8655.68 9661
8655.69 9657
8655.7 9655
8655.712 9651
8655.722 9647
8655.732 9646
8655.742 9643
8655.752 9640
8655.762 9637
8655.772 9632
8655.784 9627
8655.794 9621
8655.804 9616
8655.814 9613
8655.824 9609
8655.834 9607
8655.846 9600
8655.856 9593
8655.866 9587
8655.876 9581
8655.886 9581
8655.896 9580
8655.906 9583
8655.918 9586
8655.928 9588
8655.938 9590
8655.948 9590
8655.958 9591
8655.968 9591
8655.98 9591
8655.99 9593
8656 9593
8656.01 9594
8656.02 9594
8656.03 9593
8656.04 9594
8656.052 9596
8656.062 9596
8656.072 9599
8656.082 9599
8656.092 9602
8656.102 9603
8656.114 9605
8656.124 9605
8656.134 9604
8656.144 9604
8656.154 9603
8656.164 9602
8656.174 9601
8656.186 9598
8656.196 9595
8656.206 9594
8656.216 9593
8656.226 9591
8656.236 9591
8656.248 9591
8656.258 9592
8656.268 9592
8656.278 9592
8656.288 9590
8656.298 9588
8656.308 9587
8656.32 9584
8656.33 9583
8656.34 9581
8656.35 9580
8656.36 9579
8656.37 9577
8656.382 9575
8656.392 9572
8656.402 9569
8656.412 9565
8656.422 9561
8656.432 9560
8656.444 9559
8656.454 9558
8656.464 9557
8656.474 9555
8656.484 9551
8656.494 9548
8656.504 9543
8656.516 9538
8656.526 9530
8656.536 9521
8656.546 9510
8656.556 9494
8656.566 9474
8656.578 9444
8656.588 9414
8656.598 9375
8656.608 9330
8656.618 9278
8656.628 9226
8656.638 9175
8656.65 9120
8656.66 9085
8656.67 9062
8656.68 9059
8656.69 9073
8656.7 9101
8656.712 9148
8656.722 9196
8656.732 9240
8656.742 9284
8656.752 9320
8656.762 9352
8656.772 9382
8656.784 9410
8656.794 9427
8656.804 9441
8656.814 9453
8656.824 9462
8656.834 9468
8656.846 9474
8656.856 9476
8656.866 9478
8656.876 9481
8656.886 9482
8656.896 9482
8656.906 9482
8656.918 9481
8656.928 9481
8656.938 9480
8656.948 9479
8656.958 9478
8656.968 9474
8656.98 9469
8656.99 9465
8657 9461
8657.01 9459
8657.02 9458
8657.03 9457
8657.04 9458
8657.052 9458
8657.062 9458
8657.072 9454
8657.082 9451
8657.092 9444
8657.102 9437
8657.114 9426
8657.124 9418
8657.134 9409
8657.144 9400
8657.154 9391
8657.164 9381
8657.174 9376
8657.186 9369
8657.196 9366
8657.206 9365
8657.216 9367
8657.226 9370
8657.236 9375
8657.248 9382
8657.258 9389
8657.268 9393
8657.278 9399
8657.288 9403
8657.298 9407
8657.308 9409
8657.32 9409
8657.33 9405
8657.34 9403
8657.35 9399
8657.36 9396
8657.37 9393
8657.382 9389
8657.392 9386
8657.402 9384
8657.412 9381
8657.422 9377
8657.432 9372
8657.444 9365
8657.454 9356
8657.464 9346
8657.474 9336
8657.484 9325
8657.494 9311
8657.504 9298
8657.516 9281
8657.526 9267
8657.536 9253
8657.546 9241
8657.556 9233
8657.566 9228
8657.578 9228
8657.588 9230
8657.598 9233
8657.608 9242
8657.618 9251
8657.628 9261
8657.638 9269
8657.65 9281
8657.66 9286
8657.67 9290
8657.68 9293
8657.69 9296
8657.7 9299
8657.712 9299
8657.722 9298
8657.732 9298
8657.742 9294
8657.752 9292
8657.762 9287
8657.772 9285
8657.784 9282
8657.794 9281
8657.804 9279
8657.814 9276
8657.824 9274
8657.834 9272
8657.846 9270
8657.856 9267
8657.866 9265
8657.876 9264
8657.886 9262
8657.896 9260
8657.906 9257
8657.918 9253
8657.928 9251
8657.938 9250
8657.948 9248
8657.958 9244
8657.968 9240
8657.98 9234
8657.99 9231
8658 9225
8658.01 9223
8658.02 9219
8658.03 9217
8658.04 9214
8658.052 9209
8658.062 9205
8658.072 9203
8658.082 9199
8658.092 9196
8658.102 9193
8658.114 9189
8658.124 9183
8658.134 9178
8658.144 9174
8658.154 9172
8658.164 9170
8658.174 9169
8658.186 9166
8658.196 9161
8658.206 9157
8658.216 9156
8658.226 9153
8658.236 9151
8658.248 9147
8658.258 9145
8658.268 9140
8658.278 9136
8658.288 9132
8658.298 9129
8658.308 9124
8658.32 9122
8658.33 9118
8658.34 9112
8658.35 9108
8658.36 9102
8658.37 9094
8658.382 9084
8658.392 9073
8658.402 9064
8658.412 9055
8658.422 9049
8658.432 9046
8658.444 9041
8658.454 9038
8658.464 9035
8658.474 9031
8658.484 9025
8658.494 9022
8658.504 9018
8658.516 9014
8658.526 9011
8658.536 9008
8658.546 9003
8658.556 9000
8658.566 8995
8658.578 8988
8658.588 8982
8658.598 8976
8658.608 8970
8658.618 8966
8658.628 8961
8658.638 8958
8658.65 8955
8658.66 8953
8658.67 8949
8658.68 8946
8658.69 8941
8658.7 8937
8658.712 8930
8658.722 8924
8658.732 8920
8658.742 8914
8658.752 8910
8658.762 8906
8658.772 8900
8658.784 8894
8658.794 8887
8658.804 8879
8658.814 8869
8658.824 8860
8658.834 8851
8658.846 8841
8658.856 8835
8658.866 8828
8658.876 8821
8658.886 8814
8658.896 8804
8658.906 8797
8658.918 8789
8658.928 8786
8658.938 8784
8658.948 8782
8658.958 8778
8658.968 8778
8658.98 8776
8658.99 8775
8659 8772
8659.01 8770
8659.02 8769
8659.03 8769
8659.04 8768
8659.052 8764
8659.062 8761
8659.072 8754
8659.082 8748
8659.092 8739
8659.102 8732
8659.114 8721
8659.124 8712
8659.134 8702
8659.144 8692
8659.154 8683
8659.164 8676
8659.174 8671
8659.186 8666
8659.196 8662
8659.206 8659
8659.216 8654
8659.226 8650
8659.236 8645
8659.248 8638
8659.258 8627
8659.268 8617
8659.278 8609
8659.288 8600
8659.298 8593
8659.308 8586
8659.32 8579
8659.33 8575
8659.34 8568
8659.35 8563
8659.36 8558
8659.37 8551
8659.382 8543
8659.392 8538
8659.402 8532
8659.412 8527
8659.422 8521
8659.432 8516
8659.444 8508
8659.454 8498
8659.464 8491
8659.474 8481
8659.484 8475
8659.494 8468
8659.504 8461
8659.516 8453
8659.526 8448
8659.536 8438
8659.546 8430
8659.556 8419
8659.566 8412
8659.578 8403
8659.588 8396
8659.598 8390
8659.608 8380
8659.618 8373
8659.628 8363
8659.638 8352
8659.65 8339
8659.66 8330
8659.67 8321
8659.68 8311
8659.69 8304
8659.7 8296
8659.712 8283
8659.722 8273
8659.732 8262
8659.742 8249
8659.752 8239
8659.762 8227
8659.772 8219
8659.784 8205
8659.794 8196
8659.804 8187
8659.814 8178
8659.824 8168
8659.834 8161
8659.846 8150
8659.856 8139
8659.866 8131
8659.876 8122
8659.886 8110
8659.896 8099
8659.906 8090
8659.918 8076
8659.928 8067
8659.938 8057
8659.948 8048
8659.958 8036
8659.968 8026
8659.98 8014
8659.99 8006
8660 7996
8660.01 7987
8660.02 7976
8660.03 7966
8660.04 7956
8660.052 7940
8660.062 7929
8660.072 7916
8660.082 7903
8660.092 7890
8660.102 7877
8660.114 7863
8660.124 7853
8660.134 7841
8660.144 7830
8660.154 7818
8660.164 7804
8660.174 7791
8660.186 7773
8660.196 7758
8660.206 7741
8660.216 7725
8660.226 7710
8660.236 7694
8660.248 7675
8660.258 7660
8660.268 7643
8660.278 7627
8660.288 7612
8660.298 7595
8660.308 7582
8660.32 7564
8660.33 7551
8660.34 7539
8660.35 7529
8660.36 7518
8660.37 7509
8660.382 7497
8660.392 7486
8660.402 7475
8660.412 7463
8660.422 7451
8660.432 7438
8660.444 7422
8660.454 7407
8660.464 7394
8660.474 7378
8660.484 7364
8660.494 7348
8660.504 7331
8660.516 7313
8660.526 7298
8660.536 7282
8660.546 7269
8660.556 7252
8660.566 7235
8660.578 7215
8660.588 7197
8660.598 7179
8660.608 7161
8660.618 7142
8660.628 7123
8660.638 7105
8660.65 7087
8660.66 7074
8660.67 7063
8660.68 7051
8660.69 7037
8660.7 7021
8660.712 7000
8660.722 6982
8660.732 6965
8660.742 6948
8660.752 6931
8660.762 6915
8660.772 6898
8660.784 6878
8660.794 6861
8660.804 6844
8660.814 6826
8660.824 6807
8660.834 6790
8660.846 6771
8660.856 6755
8660.866 6736
8660.876 6718
8660.886 6700
8660.896 6681
8660.906 6662
8660.918 6639
8660.928 6619
8660.938 6600
8660.948 6580
8660.958 6562
8660.968 6543
8660.98 6519
8660.99 6499
8661 6477
8661.01 6458
8661.02 6439
8661.03 6418
8661.04 6397
8661.052 6371
8661.062 6351
8661.072 6333
8661.082 6311
8661.092 6292
8661.102 6274
8661.114 6254
8661.124 6239
8661.134 6222
8661.144 6203
8661.154 6186
8661.164 6165
8661.174 6147
8661.186 6126
8661.196 6110
8661.206 6093
8661.216 6074
8661.226 6056
8661.236 6038
8661.248 6019
8661.258 5999
8661.268 5981
8661.278 5961
8661.288 5942
8661.298 5923
8661.308 5904
8661.32 5881
8661.33 5860
8661.34 5839
8661.35 5820
8661.36 5799
8661.37 5776
8661.382 5750
8661.392 5728
8661.402 5708
8661.412 5685
8661.422 5664
8661.432 5643
8661.444 5617
8661.454 5595
8661.464 5572
8661.474 5547
8661.484 5523
8661.494 5501
8661.504 5478
8661.516 5451
8661.526 5427
8661.536 5408
8661.546 5386
8661.556 5363
8661.566 5345
8661.578 5317
8661.588 5295
8661.598 5271
8661.608 5245
8661.618 5218
8661.628 5190
8661.638 5163
8661.65 5127
8661.66 5098
8661.67 5069
8661.68 5039
8661.69 5008
8661.7 4977
8661.712 4938
8661.722 4904
8661.732 4866
8661.742 4822
8661.752 4773
8661.762 4717
8661.772 4656
8661.784 4570
8661.794 4481
8661.804 4377
8661.814 4252
8661.824 4110
8661.834 3961
8661.846 3768
8661.856 3617
8661.866 3476
8661.876 3361
8661.886 3272
8661.896 3207
8661.906 3160
8661.918 3134
8661.928 3118
8661.938 3109
8661.948 3104
8661.958 3095
8661.968 3078
8661.98 3043
8661.99 3001
8662 2937
8662.01 2849
8662.02 2747
8662.03 2639
8662.04 2528
8662.052 2402
8662.062 2305
8662.072 2217
8662.082 2139
8662.092 2072
8662.102 2014
8662.114 1958
8662.124 1922
8662.134 1896
8662.144 1875
8662.154 1864
8662.164 1859
8662.174 1864
8662.186 1878
8662.196 1898
8662.206 1923
8662.216 1955
8662.226 1994
8662.236 2036
8662.248 2100
8662.258 2159
8662.268 2222
8662.278 2290
8662.288 2363
8662.298 2441
8662.308 2522
8662.32 2622
8662.33 2708
8662.34 2798
8662.35 2892
8662.36 2994
8662.37 3107
8662.382 3264
8662.392 3406
8662.402 3553
8662.412 3697
8662.422 3841
8662.432 3980
8662.444 4124
8662.454 4232
8662.464 4326
8662.474 4404
8662.484 4476
8662.494 4539
8662.504 4599
8662.516 4660
8662.526 4708
8662.536 4755
8662.546 4797
8662.556 4836
8662.566 4872
8662.578 4914
8662.588 4948
8662.598 4980
8662.608 5011
8662.618 5041
8662.628 5072
8662.638 5100
8662.65 5131
8662.66 5161
8662.67 5191
8662.68 5219
8662.69 5247
8662.7 5275
8662.712 5307
8662.722 5329
8662.732 5353
8662.742 5376
8662.752 5398
8662.762 5420
8662.772 5442
8662.784 5466
8662.794 5487
8662.804 5509
8662.814 5529
8662.824 5551
8662.834 5573
8662.846 5600
8662.856 5622
8662.866 5644
8662.876 5666
8662.886 5689
8662.896 5710
8662.906 5732
8662.918 5754
8662.928 5774
8662.938 5795
8662.948 5816
8662.958 5835
8662.968 5855
8662.98 5879
8662.99 5896
8663 5917
8663.01 5939
8663.02 5961
8663.03 5982
8663.04 6006
8663.052 6031
8663.062 6051
8663.072 6072
8663.082 6092
8663.092 6111
8663.102 6132
8663.114 6153
8663.124 6173
8663.134 6194
8663.144 6215
8663.154 6237
8663.164 6254
8663.174 6274
8663.186 6295
8663.196 6314
8663.206 6333
8663.216 6353
8663.226 6374
8663.236 6395
8663.248 6421
8663.258 6440
8663.268 6458
8663.278 6476
8663.288 6493
8663.298 6509
8663.308 6527
8663.32 6548
8663.33 6565
8663.34 6583
8663.35 6603
8663.36 6620
8663.37 6642
8663.382 6665
8663.392 6687
8663.402 6705
8663.412 6725
8663.422 6743
8663.432 6758
8663.444 6780
8663.454 6798
8663.464 6815
8663.474 6834
8663.484 6852
8663.494 6868
8663.504 6884
8663.516 6904
8663.526 6918
8663.536 6933
8663.546 6948
8663.556 6962
8663.566 6971
8663.578 6983
8663.588 6988
8663.598 6993
8663.608 6990
8663.618 6981
8663.628 6967
8663.638 6946
8663.65 6912
8663.66 6878
8663.67 6839
8663.68 6795
8663.69 6764
8663.7 6741
8663.712 6716
8663.722 6743
8663.732 6777
8663.742 6848
8663.752 6920
8663.762 6989
8663.772 7055
8663.784 7129
8663.794 7182
8663.804 7233
8663.814 7277
8663.824 7312
8663.834 7344
8663.846 7377
8663.856 7399
8663.866 7420
8663.876 7439
8663.886 7456
8663.896 7473
8663.906 7489
8663.918 7511
8663.928 7529
8663.938 7546
8663.948 7560
8663.958 7575
8663.968 7585
8663.98 7598
8663.99 7612
8664 7624
8664.01 7638
8664.02 7653
8664.03 7664
8664.04 7677
8664.052 7690
8664.062 7701
8664.072 7711
8664.082 7722
8664.092 7733
8664.102 7744
8664.114 7754
8664.124 7764
8664.134 7775
8664.144 7788
8664.154 7799
8664.164 7814
8664.174 7829
8664.186 7846
8664.196 7861
8664.206 7875
8664.216 7887
8664.226 7899
8664.236 7910
8664.248 7923
8664.258 7937
8664.268 7949
8664.278 7964
8664.288 7978
8664.298 7990
8664.308 7999
8664.32 8012
8664.33 8023
8664.34 8031
8664.35 8042
8664.36 8052
8664.37 8061
8664.382 8072
8664.392 8082
8664.402 8091
8664.412 8101
8664.422 8114
8664.432 8125
8664.444 8135
8664.454 8144
8664.464 8152
8664.474 8160
8664.484 8167
8664.494 8175
8664.504 8186
8664.516 8194
8664.526 8202
8664.536 8208
8664.546 8215
8664.556 8221
8664.566 8229
8664.578 8237
8664.588 8245
8664.598 8253
8664.608 8260
8664.618 8271
8664.628 8278
8664.638 8288
8664.65 8302
8664.66 8311
8664.67 8319
8664.68 8328
8664.69 8336
8664.7 8344
8664.712 8353
8664.722 8365
8664.732 8373
8664.742 8382
8664.752 8389
8664.762 8396
8664.772 8402
8664.784 8406
8664.794 8412
8664.804 8419
8664.814 8422
8664.824 8426
8664.834 8429
8664.846 8430
8664.856 8428
8664.866 8428
8664.876 8424
8664.886 8421
8664.896 8420
8664.906 8419
8664.918 8419
8664.928 8424
8664.938 8432
8664.948 8443
8664.958 8456
8664.968 8472
8664.98 8492
8664.99 8511
8665 8526
8665.01 8544
8665.02 8559
8665.03 8574
8665.04 8584
8665.052 8593
8665.062 8598
8665.072 8604
8665.082 8609
8665.092 8615
8665.102 8622
8665.114 8635
8665.124 8642
8665.134 8652
8665.144 8662
8665.154 8671
8665.164 8678
8665.174 8683
8665.186 8690
8665.196 8694
8665.206 8697
8665.216 8701
8665.226 8705
8665.236 8711
8665.248 8719
8665.258 8726
8665.268 8734
8665.278 8740
8665.288 8745
8665.298 8748
8665.308 8752
8665.32 8761
8665.33 8768
8665.34 8774
8665.35 8782
8665.36 8785
8665.37 8789
8665.382 8794
8665.392 8798
8665.402 8805
8665.412 8812
8665.422 8817
8665.432 8821
8665.444 8824
8665.454 8827
8665.464 8829
8665.474 8830
8665.484 8830
8665.494 8833
8665.504 8834
8665.516 8832
8665.526 8829
8665.536 8825
8665.546 8823
8665.556 8820
8665.566 8816
8665.578 8814
8665.588 8814
8665.598 8815
8665.608 8819
8665.618 8826
8665.628 8838
8665.638 8850
8665.65 8864
8665.66 8878
8665.67 8889
8665.68 8901
8665.69 8915
8665.7 8925
8665.712 8939
8665.722 8946
8665.732 8954
8665.742 8960
8665.752 8967
8665.762 8971
8665.772 8975
8665.784 8980
8665.794 8984
8665.804 8989
8665.814 8994
8665.824 9000
8665.834 9006
8665.846 9014
8665.856 9019
8665.866 9025
8665.876 9030
8665.886 9034
8665.896 9038
8665.906 9043
8665.918 9048
8665.928 9050
8665.938 9052
8665.948 9057
8665.958 9057
8665.968 9062
8665.98 9067
8665.99 9073
8666 9079
8666.01 9086
8666.02 9090
8666.03 9092
8666.04 9096
8666.052 9097
8666.062 9098
8666.072 9099
8666.082 9098
8666.092 9101
8666.102 9103
8666.114 9109
8666.124 9110
8666.134 9113
8666.144 9114
8666.154 9115
8666.164 9118
8666.174 9119
8666.186 9120
8666.196 9124
8666.206 9124
8666.216 9122
8666.226 9121
8666.236 9119
8666.248 9115
8666.258 9112
8666.268 9110
8666.278 9110
8666.288 9114
8666.298 9114
8666.308 9119
8666.32 9123
8666.33 9126
8666.34 9130
8666.35 9136
8666.36 9143
8666.37 9151
8666.382 9161
8666.392 9171
8666.402 9179
8666.412 9185
8666.422 9192
8666.432 9196
8666.444 9202
8666.454 9203
8666.464 9207
8666.474 9212
8666.484 9216
8666.494 9221
8666.504 9225
8666.516 9226
8666.526 9227
8666.536 9228
8666.546 9228
8666.556 9230
8666.566 9232
8666.578 9238
8666.588 9242
8666.598 9248
8666.608 9249
8666.618 9252
8666.628 9254
8666.638 9255
8666.65 9255
8666.66 9257
8666.67 9256
8666.68 9259
8666.69 9262
8666.7 9267
8666.712 9271
8666.722 9275
8666.732 9279
8666.742 9284
8666.752 9285
8666.762 9289
8666.772 9289
8666.784 9291
8666.794 9294
8666.804 9295
8666.814 9296
8666.824 9297
8666.834 9297
8666.846 9301
8666.856 9303
8666.866 9307
8666.876 9308
8666.886 9312
8666.896 9312
8666.906 9316
8666.918 9317
8666.928 9320
8666.938 9323
8666.948 9323
8666.958 9323
8666.968 9324
8666.98 9324
8666.99 9326
8667 9329
8667.01 9330
8667.02 9332
8667.03 9332
8667.04 9337
8667.052 9340
8667.062 9344
8667.072 9345
8667.082 9346
8667.092 9346
8667.102 9347
8667.114 9344
8667.124 9343
8667.134 9345
8667.144 9344
8667.154 9344
8667.164 9343
8667.174 9342
8667.186 9344
8667.196 9341
8667.206 9341
8667.216 9336
8667.226 9330
8667.236 9320
8667.248 9304
8667.258 9284
8667.268 9263
8667.278 9237
8667.288 9206
8667.298 9175
8667.308 9134
8667.32 9085
8667.33 9039
8667.34 8995
8667.35 8961
8667.36 8937
8667.37 8926
8667.382 8934
8667.392 8956
8667.402 8988
8667.412 9027
8667.422 9072
8667.432 9115
8667.444 9166
8667.454 9203
8667.464 9240
8667.474 9275
8667.484 9303
8667.494 9325
8667.504 9346
8667.516 9366
8667.526 9377
8667.536 9387
8667.546 9395
8667.556 9402
8667.566 9406
8667.578 9413
8667.588 9417
8667.598 9423
8667.608 9429
8667.618 9437
8667.628 9444
8667.638 9450
8667.65 9459
8667.66 9463
8667.67 9468
8667.68 9468
8667.69 9469
8667.7 9469
8667.712 9470
8667.722 9471
8667.732 9475
8667.742 9476
8667.752 9477
8667.762 9477
8667.772 9478
8667.784 9478
8667.794 9478
8667.804 9479
8667.814 9480
8667.824 9484
8667.834 9488
8667.846 9490
8667.856 9494
8667.866 9498
8667.876 9499
8667.886 9499
8667.896 9500
8667.906 9501
8667.918 9502
8667.928 9503
8667.938 9503
8667.948 9503
8667.958 9505
8667.968 9505
8667.98 9506
8667.99 9502
8668 9495
8668.01 9488
8668.02 9481
8668.03 9472
8668.04 9461
8668.052 9445
8668.062 9435
8668.072 9423
8668.082 9409
8668.092 9399
8668.102 9389
8668.114 9384
8668.124 9383
8668.134 9387
8668.144 9396
8668.154 9408
8668.164 9422
8668.174 9433
8668.186 9448
8668.196 9456
8668.206 9465
8668.216 9472
8668.226 9478
8668.236 9478
8668.248 9479
8668.258 9472
8668.268 9465
8668.278 9453
8668.288 9441
8668.298 9428
8668.308 9415
8668.32 9398
8668.33 9380
8668.34 9361
8668.35 9344
8668.36 9328
8668.37 9311
8668.382 9294
8668.392 9281
8668.402 9271
8668.412 9261
8668.422 9257
8668.432 9254
8668.444 9260
8668.454 9267
8668.464 9278
8668.474 9293
8668.484 9308
8668.494 9320
8668.504 9334
8668.516 9346
8668.526 9354
8668.536 9364
8668.546 9372
8668.556 9380
8668.566 9388
8668.578 9398
8668.588 9407
8668.598 9419
8668.608 9431
8668.618 9444
8668.628 9458
8668.638 9472
8668.65 9489
8668.66 9505
8668.67 9516
8668.68 9530
8668.69 9541
8668.7 9549
8668.712 9560
8668.722 9568
8668.732 9573
8668.742 9580
8668.752 9582
8668.762 9586
8668.772 9586
8668.784 9583
8668.794 9580
8668.804 9575
8668.814 9568
8668.824 9559
8668.834 9548
8668.846 9536
8668.856 9523
8668.866 9507
8668.876 9493
8668.886 9477
8668.896 9467
8668.906 9454
8668.918 9449
8668.928 9449
8668.938 9456
8668.948 9470
8668.958 9485
8668.968 9500
8668.98 9522
8668.99 9538
8669 9552
8669.01 9564
8669.02 9579
8669.03 9590
8669.04 9599
8669.052 9608
8669.062 9613
8669.072 9618
8669.082 9622
8669.092 9622
8669.102 9623
8669.114 9624
8669.124 9624
8669.134 9623
8669.144 9621
8669.154 9616
8669.164 9611
8669.174 9608
8669.186 9604
8669.196 9601
8669.206 9602
8669.216 9606
8669.226 9606
8669.236 9604
8669.248 9604
8669.258 9600
8669.268 9598
8669.278 9598
8669.288 9599
8669.298 9604
8669.308 9608
8669.32 9616
8669.33 9624
8669.34 9632
8669.35 9637
8669.36 9639
8669.37 9642
8669.382 9647
8669.392 9651
8669.402 9655
8669.412 9660
8669.422 9664
8669.432 9669
8669.444 9674
8669.454 9675
8669.464 9679
8669.474 9679
8669.484 9681
8669.494 9685
8669.504 9685
8669.516 9686
8669.526 9687
8669.536 9688
8669.546 9688
8669.556 9688
8669.566 9688
8669.578 9689
8669.588 9686
8669.598 9686
8669.608 9683
8669.618 9684
8669.628 9684
8669.638 9687
8669.65 9690
8669.66 9691
8669.67 9692
8669.68 9693
8669.69 9693
8669.7 9697
8669.712 9698
8669.722 9699
8669.732 9703
8669.742 9701
8669.752 9700
8669.762 9697
8669.772 9697
8669.784 9695
8669.794 9692
8669.804 9692
8669.814 9695
8669.824 9698
8669.834 9702
8669.846 9708
8669.856 9711
8669.866 9712
8669.876 9710
8669.886 9709
8669.896 9709
8669.906 9709
8669.918 9710
8669.928 9707
8669.938 9706
8669.948 9706
8669.958 9706
8669.968 9707
8669.98 9710
8669.99 9710
8670 9712
8670.01 9708
8670.02 9702
8670.03 9693
8670.04 9682
8670.052 9665
8670.062 9648
8670.072 9629
8670.082 9604
8670.092 9581
8670.102 9549
8670.114 9511
8670.124 9484
8670.134 9458
8670.144 9436
8670.154 9416
8670.164 9399
8670.174 9385
8670.186 9379
8670.196 9384
8670.206 9399
8670.216 9418
8670.226 9444
8670.236 9472
8670.248 9504
8670.258 9531
8670.268 9555
8670.278 9577
8670.288 9596
8670.298 9612
8670.308 9626
8670.32 9640
8670.33 9651
8670.34 9661
8670.35 9670
8670.36 9680
8670.37 9685
8670.382 9688
8670.392 9686
8670.402 9682
8670.412 9679
8670.422 9671
8670.432 9661
8670.444 9647
8670.454 9631
8670.464 9613
8670.474 9592
8670.484 9569
8670.494 9544
8670.504 9511
8670.516 9462
8670.526 9421
8670.536 9381
8670.546 9339
8670.556 9301
8670.566 9266
8670.578 9229
8670.588 9209
8670.598 9196
8670.608 9194
8670.618 9195
8670.628 9202
8670.638 9215
8670.65 9243
8670.66 9268
8670.67 9292
8670.68 9313
8670.69 9334
8670.7 9352
8670.712 9377
8670.722 9396
8670.732 9416
8670.742 9439
8670.752 9464
8670.762 9491
8670.772 9521
8670.784 9550
8670.794 9574
8670.804 9595
8670.814 9611
8670.824 9626
8670.834 9636
8670.846 9646
8670.856 9655
8670.866 9661
8670.876 9668
8670.886 9673
8670.896 9677
8670.906 9680
8670.918 9677
8670.928 9675
8670.938 9671
8670.948 9665
8670.958 9660
8670.968 9657
8670.98 9658
8670.99 9655
8671 9655
8671.01 9653
8671.02 9650
8671.03 9648
8671.04 9645
8671.052 9648
8671.062 9649
8671.072 9651
8671.082 9654
8671.092 9654
8671.102 9657
8671.114 9658
8671.124 9655
8671.134 9650
8671.144 9641
8671.154 9630
8671.164 9618
8671.174 9605
8671.186 9588
8671.196 9570
8671.206 9550
8671.216 9528
8671.226 9505
8671.236 9475
8671.248 9435
8671.258 9402
8671.268 9373
8671.278 9352
8671.288 9337
8671.298 9332
8671.308 9332
8671.32 9343
8671.33 9355
8671.34 9374
8671.35 9396
8671.36 9422
8671.37 9448
8671.382 9481
8671.392 9508
8671.402 9535
8671.412 9558
8671.422 9578
8671.432 9596
8671.444 9617
8671.454 9633
8671.464 9645
8671.474 9658
8671.484 9667
8671.494 9679
8671.504 9686
8671.516 9697
8671.526 9703
8671.536 9711
8671.546 9718
8671.556 9723
8671.566 9726
8671.578 9726
8671.588 9727
8671.598 9724
8671.608 9722
8671.618 9723
8671.628 9723
8671.638 9723
8671.65 9726
8671.66 9728
8671.67 9727
8671.68 9724
8671.69 9721
8671.7 9714
8671.712 9701
8671.722 9687
8671.732 9669
8671.742 9646
8671.752 9620
8671.762 9579
8671.772 9524
8671.784 9438
8671.794 9357
8671.804 9266
8671.814 9165
8671.824 9062
8671.834 8953
8671.846 8860
8671.856 8802
8671.866 8782
8671.876 8786
8671.886 8833
8671.896 8910
8671.906 8987
8671.918 9081
8671.928 9169
8671.938 9249
8671.948 9322
8671.958 9382
8671.968 9429
8671.98 9472
8671.99 9506
8672 9534