4856 5042
4856.002 4935
4856.004 4838
4856.006 4753
4856.008 4681
4856.01 4625
4856.012 4587
4856.014 4567
4856.016 4562
4856.018 4571
4856.02 4599
4856.022 4643
4856.024 4704
4856.026 4780
4856.028 4873
4856.03 4977
4856.032 5093
4856.034 5221
4856.036 5361
4856.038 5509
4856.04 5659
4856.042 5811
4856.044 5965
4856.046 6122
4856.048 6277
4856.05 6423
4856.052 6569
4856.054 6711
4856.056 6845
4856.058 6968
4856.06 7082
4856.062 7189
4856.064 7290
4856.066 7384
4856.068 7474
4856.07 7557
4856.072 7636
4856.074 7709
4856.076 7775
4856.078 7837
4856.08 7894
4856.082 7948
4856.084 7999
4856.086 8044
4856.088 8086
4856.09 8125
4856.092 8160
4856.094 8194
4856.096 8226
4856.098 8256
4856.1 8282
4856.102 8305
4856.104 8328
4856.106 8347
4856.108 8366
4856.11 8382
4856.112 8396
4856.114 8406
4856.116 8413
4856.118 8419
4856.12 8421
4856.122 8419
4856.124 8414
4856.126 8407
4856.128 8396
4856.13 8382
4856.132 8363
4856.134 8343
4856.136 8319
4856.138 8290
4856.14 8255
4856.142 8215
4856.144 8171
4856.146 8120
4856.148 8064
4856.15 8005
4856.152 7944
4856.154 7877
4856.156 7809
4856.158 7740
4856.16 7670
4856.162 7600
4856.164 7531
4856.166 7460
4856.168 7388
4856.17 7318
4856.172 7248
4856.174 7180
4856.176 7117
4856.178 7057
4856.18 7004
4856.182 6959
4856.184 6923
4856.186 6892
4856.188 6867
4856.19 6847
4856.192 6835
4856.194 6834
4856.196 6843
4856.198 6862
4856.2 6887
4856.202 6914
4856.204 6945
4856.206 6979
4856.208 7020
4856.21 7067
4856.212 7121
4856.214 7178
4856.216 7238
4856.218 7300
4856.22 7366
4856.222 7432
4856.224 7499
4856.226 7566
4856.228 7631
4856.23 7694
4856.232 7756
4856.234 7814
4856.236 7869
4856.238 7922
4856.24 7974
4856.242 8023
4856.244 8071
4856.246 8116
4856.248 8158
4856.25 8198
4856.252 8235
4856.254 8270
4856.256 8302
4856.258 8333
4856.26 8361
4856.262 8387
4856.264 8412
4856.266 8434
4856.268 8456
4856.27 8477
4856.272 8498
4856.274 8516
4856.276 8534
4856.278 8551
4856.28 8567
4856.282 8580
4856.284 8592
4856.286 8605
4856.288 8615
4856.29 8624
4856.292 8634
4856.294 8643
4856.296 8650
4856.298 8658
4856.3 8665
4856.302 8672
4856.304 8678
4856.306 8683
4856.308 8688
4856.31 8691
4856.312 8696
4856.314 8699
4856.316 8701
4856.318 8704
4856.32 8706
4856.322 8708
4856.324 8710
4856.326 8710
4856.328 8711
4856.33 8712
4856.332 8713
4856.334 8713
4856.336 8713
4856.338 8713
4856.34 8714
4856.342 8713
4856.344 8711
4856.346 8711
4856.348 8710
4856.35 8709
4856.352 8707
4856.354 8706
4856.356 8703
4856.358 8701
4856.36 8699
4856.362 8697
4856.364 8695
4856.366 8694
4856.368 8691
4856.37 8689
4856.372 8687
4856.374 8686
4856.376 8684
4856.378 8681
4856.38 8678
4856.382 8676
4856.384 8674
4856.386 8672
4856.388 8670
4856.39 8666
4856.392 8663
4856.394 8661
4856.396 8658
4856.398 8655
4856.4 8653
4856.402 8650
4856.404 8646
4856.406 8644
4856.408 8642
4856.41 8639
4856.412 8636
4856.414 8633
4856.416 8632
4856.418 8629
4856.42 8627
4856.422 8625
4856.424 8624
4856.426 8622
4856.428 8621
4856.43 8620
4856.432 8619
4856.434 8619
4856.436 8619
4856.438 8619
4856.44 8619
4856.442 8620
4856.444 8621
4856.446 8621
4856.448 8623
4856.45 8624
4856.452 8626
4856.454 8628
4856.456 8630
4856.458 8631
4856.46 8634
4856.462 8637
4856.464 8639
4856.466 8642
4856.468 8644
4856.47 8647
4856.472 8650
4856.474 8651
4856.476 8653
4856.478 8656
4856.48 8658
4856.482 8660
4856.484 8661
4856.486 8662
4856.488 8663
4856.49 8665
4856.492 8666
4856.494 8667
4856.496 8668
4856.498 8668
4856.5 8669
4856.502 8670
4856.504 8670
4856.506 8670
4856.508 8670
4856.51 8670
4856.512 8670
4856.514 8671
4856.516 8670
4856.518 8670
4856.52 8668
4856.522 8668
4856.524 8667
4856.526 8666
4856.528 8665
4856.53 8664
4856.532 8662
4856.534 8661
4856.536 8660
4856.538 8659
4856.54 8658
4856.542 8657
4856.544 8655
4856.546 8655
4856.548 8655
4856.55 8655
4856.552 8654
4856.554 8654
4856.556 8653
4856.558 8653
4856.56 8653
4856.562 8652
4856.564 8652
4856.566 8651
4856.568 8650
4856.57 8649
4856.572 8648
4856.574 8647
4856.576 8645
4856.578 8643
4856.58 8642
4856.582 8641
4856.584 8640
4856.586 8639
4856.588 8638
4856.59 8638
4856.592 8637
4856.594 8636
4856.596 8635
4856.598 8635
4856.6 8635
4856.602 8635
4856.604 8634
4856.606 8633
4856.608 8633
4856.61 8633
4856.612 8632
4856.614 8631
4856.616 8631
4856.618 8631
4856.62 8630
4856.622 8630
4856.624 8630
4856.626 8628
4856.628 8628
4856.63 8628
4856.632 8628
4856.634 8628
4856.636 8627
4856.638 8626
4856.64 8625
4856.642 8625
4856.644 8624
4856.646 8624
4856.648 8624
4856.65 8622
4856.652 8622
4856.654 8622
4856.656 8621
4856.658 8621
4856.66 8621
4856.662 8620
4856.664 8620
4856.666 8620
4856.668 8620
4856.67 8620
4856.672 8620
4856.674 8619
4856.676 8619
4856.678 8618
4856.68 8618
4856.682 8618
4856.684 8618
4856.686 8617
4856.688 8616
4856.69 8616
4856.692 8616
4856.694 8616
4856.696 8615
4856.698 8613
4856.7 8612
4856.702 8611
4856.704 8610
4856.706 8609
4856.708 8608
4856.71 8606
4856.712 8605
4856.714 8605
4856.716 8604
4856.718 8603
4856.72 8603
4856.722 8602
4856.724 8601
4856.726 8600
4856.728 8599
4856.73 8599
4856.732 8598
4856.734 8597
4856.736 8596
4856.738 8596
4856.74 8595
4856.742 8595
4856.744 8594
4856.746 8593
4856.748 8592
4856.75 8592
4856.752 8592
4856.754 8593
4856.756 8593
4856.758 8592
4856.76 8592
4856.762 8592
4856.764 8592
4856.766 8593
4856.768 8593
4856.77 8592
4856.772 8592
4856.774 8592
4856.776 8592
4856.778 8592
4856.78 8591
4856.782 8589
4856.784 8589
4856.786 8588
4856.788 8587
4856.79 8586
4856.792 8585
4856.794 8582
4856.796 8581
4856.798 8579
4856.8 8578
4856.802 8576
4856.804 8575
4856.806 8572
4856.808 8572
4856.81 8571
4856.812 8570
4856.814 8569
4856.816 8568
4856.818 8566
4856.82 8565
4856.822 8564
4856.824 8563
4856.826 8562
4856.828 8559
4856.83 8556
4856.832 8553
4856.834 8550
4856.836 8546
4856.838 8543
4856.84 8539
4856.842 8534
4856.844 8528
4856.846 8523
4856.848 8518
4856.85 8512
4856.852 8508
4856.854 8502
4856.856 8496
4856.858 8490
4856.86 8483
4856.862 8479
4856.864 8473
4856.866 8467
4856.868 8462
4856.87 8457
4856.872 8450
4856.874 8446
4856.876 8441
4856.878 8436
4856.88 8432
4856.882 8429
4856.884 8424
4856.886 8421
4856.888 8419
4856.89 8416
4856.892 8415
4856.894 8413
4856.896 8412
4856.898 8411
4856.9 8411
4856.902 8411
4856.904 8411
4856.906 8412
4856.908 8414
4856.91 8415
4856.912 8418
4856.914 8419
4856.916 8423
4856.918 8427
4856.92 8429
4856.922 8432
4856.924 8436
4856.926 8441
4856.928 8445
4856.93 8450
4856.932 8453
4856.934 8457
4856.936 8462
4856.938 8466
4856.94 8471
4856.942 8475
4856.944 8478
4856.946 8483
4856.948 8488
4856.95 8491
4856.952 8495
4856.954 8498
4856.956 8501
4856.958 8505
4856.96 8509
4856.962 8512
4856.964 8512
4856.966 8514
4856.968 8516
4856.97 8518
4856.972 8520
4856.974 8521
4856.976 8521
4856.978 8520
4856.98 8521
4856.982 8520
4856.984 8520
4856.986 8518
4856.988 8517
4856.99 8516
4856.992 8515
4856.994 8513
4856.996 8511
4856.998 8508
4857 8506
4857.002 8504
4857.004 8502
4857.006 8498
4857.008 8496
4857.01 8492
4857.012 8488
4857.014 8484
4857.016 8480
4857.018 8475
4857.02 8470
4857.022 8466
4857.024 8461
4857.026 8455
4857.028 8450
4857.03 8445
4857.032 8438
4857.034 8432
4857.036 8426
4857.038 8419
4857.04 8413
4857.042 8406
4857.044 8399
4857.046 8392
4857.048 8385
4857.05 8377
4857.052 8370
4857.054 8363
4857.056 8355
4857.058 8348
4857.06 8340
4857.062 8332
4857.064 8324
4857.066 8318
4857.068 8311
4857.07 8305
4857.072 8300
4857.074 8295
4857.076 8290
4857.078 8287
4857.08 8283
4857.082 8280
4857.084 8278
4857.086 8276
4857.088 8275
4857.09 8275
4857.092 8275
4857.094 8275
4857.096 8275
4857.098 8277
4857.1 8279
4857.102 8282
4857.104 8285
4857.106 8288
4857.108 8293
4857.11 8297
4857.112 8301
4857.114 8306
4857.116 8309
4857.118 8314
4857.12 8319
4857.122 8322
4857.124 8327
4857.126 8332
4857.128 8336
4857.13 8341
4857.132 8345
4857.134 8350
4857.136 8354
4857.138 8358
4857.14 8363
4857.142 8368
4857.144 8372
4857.146 8376
4857.148 8380
4857.15 8384
4857.152 8387
4857.154 8391
4857.156 8394
4857.158 8397
4857.16 8401
4857.162 8403
4857.164 8405
4857.166 8408
4857.168 8410
4857.17 8413
4857.172 8414
4857.174 8416
4857.176 8418
4857.178 8420
4857.18 8422
4857.182 8424
4857.184 8424
4857.186 8426
4857.188 8428
4857.19 8430
4857.192 8431
4857.194 8432
4857.196 8433
4857.198 8434
4857.2 8434
4857.202 8434
4857.204 8435
4857.206 8435
4857.208 8436
4857.21 8435
4857.212 8435
4857.214 8435
4857.216 8434
4857.218 8433
4857.22 8432
4857.222 8431
4857.224 8430
4857.226 8428
4857.228 8427
4857.23 8425
4857.232 8423
4857.234 8421
4857.236 8419
4857.238 8415
4857.24 8412
4857.242 8409
4857.244 8405
4857.246 8401
4857.248 8397
4857.25 8392
4857.252 8387
4857.254 8381
4857.256 8376
4857.258 8370
4857.26 8362
4857.262 8356
4857.264 8348
4857.266 8340
4857.268 8331
4857.27 8324
4857.272 8314
4857.274 8305
4857.276 8296
4857.278 8284
4857.28 8273
4857.282 8262
4857.284 8250
4857.286 8238
4857.288 8225
4857.29 8210
4857.292 8196
4857.294 8182
4857.296 8167
4857.298 8152
4857.3 8134
4857.302 8116
4857.304 8096
4857.306 8075
4857.308 8053
4857.31 8029
4857.312 8002
4857.314 7973
4857.316 7940
4857.318 7905
4857.32 7868
4857.322 7826
4857.324 7777
4857.326 7723
4857.328 7665
4857.33 7600
4857.332 7526
4857.334 7445
4857.336 7355
4857.338 7259
4857.34 7158
4857.342 7054
4857.344 6941
4857.346 6823
4857.348 6702
4857.35 6574
4857.352 6442
4857.354 6308
4857.356 6171
4857.358 6028
4857.36 5885
4857.362 5739
4857.364 5592
4857.366 5446
4857.368 5298
4857.37 5159
4857.372 5022
4857.374 4892
4857.376 4764
4857.378 4647
4857.38 4542
4857.382 4446
4857.384 4361
4857.386 4287
4857.388 4225
4857.39 4178
4857.392 4146
4857.394 4129
4857.396 4127
4857.398 4140
4857.4 4171
4857.402 4220
4857.404 4284
4857.406 4364
4857.408 4456
4857.41 4560
4857.412 4671
4857.414 4795
4857.416 4933
4857.418 5077
4857.42 5215
4857.422 5361
4857.424 5510
4857.426 5662
4857.428 5812
4857.43 5952
4857.432 6092
4857.434 6225
4857.436 6354
4857.438 6474
4857.44 6592
4857.442 6696
4857.444 6796
4857.446 6893
4857.448 6983
4857.45 7067
4857.452 7146
4857.454 7220
4857.456 7290
4857.458 7355
4857.46 7416
4857.462 7472
4857.464 7523
4857.466 7572
4857.468 7619
4857.47 7663
4857.472 7702
4857.474 7739
4857.476 7774
4857.478 7807
4857.48 7837
4857.482 7865
4857.484 7891
4857.486 7917
4857.488 7940
4857.49 7962
4857.492 7984
4857.494 8005
4857.496 8024
4857.498 8043
4857.5 8062
4857.502 8077
4857.504 8094
4857.506 8110
4857.508 8125
4857.51 8140
4857.512 8153
4857.514 8165
4857.516 8176
4857.518 8187
4857.52 8197
4857.522 8206
4857.524 8216
4857.526 8225
4857.528 8232
4857.53 8242
4857.532 8249
4857.534 8257
4857.536 8264
4857.538 8271
4857.54 8277
4857.542 8283
4857.544 8290
4857.546 8296
4857.548 8301
4857.55 8306
4857.552 8311
4857.554 8317
4857.556 8320
4857.558 8325
4857.56 8329
4857.562 8332
4857.564 8336
4857.566 8340
4857.568 8343
4857.57 8347
4857.572 8351
4857.574 8354
4857.576 8358
4857.578 8361
4857.58 8365
4857.582 8368
4857.584 8372
4857.586 8375
4857.588 8378
4857.59 8381
4857.592 8385
4857.594 8387
4857.596 8389
4857.598 8392
4857.6 8395
4857.602 8398
4857.604 8400
4857.606 8402
4857.608 8405
4857.61 8407
4857.612 8409
4857.614 8412
4857.616 8414
4857.618 8416
4857.62 8418
4857.622 8420
4857.624 8421
4857.626 8422
4857.628 8424
4857.63 8425
4857.632 8427
4857.634 8428
4857.636 8429
4857.638 8429
4857.64 8429
4857.642 8430
4857.644 8431
4857.646 8432
4857.648 8432
4857.65 8432
4857.652 8432
4857.654 8432
4857.656 8432
4857.658 8432
4857.66 8433
4857.662 8432
4857.664 8431
4857.666 8431
4857.668 8431
4857.67 8430
4857.672 8429
4857.674 8428
4857.676 8427
4857.678 8426
4857.68 8425
4857.682 8423
4857.684 8422
4857.686 8421
4857.688 8419
4857.69 8416
4857.692 8413
4857.694 8410
4857.696 8408
4857.698 8404
4857.7 8401
4857.702 8396
4857.704 8393
4857.706 8389
4857.708 8383
4857.71 8379
4857.712 8374
4857.714 8370
4857.716 8364
4857.718 8359
4857.72 8353
4857.722 8347
4857.724 8339
4857.726 8332
4857.728 8324
4857.73 8317
4857.732 8308
4857.734 8300
4857.736 8290
4857.738 8282
4857.74 8273
4857.742 8264
4857.744 8256
4857.746 8248
4857.748 8241
4857.75 8235
4857.752 8229
4857.754 8224
4857.756 8219
4857.758 8215
4857.76 8213
4857.762 8212
4857.764 8211
4857.766 8211
4857.768 8211
4857.77 8213
4857.772 8215
4857.774 8218
4857.776 8222
4857.778 8225
4857.78 8230
4857.782 8234
4857.784 8239
4857.786 8244
4857.788 8247
4857.79 8252
4857.792 8257
4857.794 8261
4857.796 8265
4857.798 8269
4857.8 8273
4857.802 8277
4857.804 8281
4857.806 8284
4857.808 8288
4857.81 8291
4857.812 8292
4857.814 8294
4857.816 8297
4857.818 8299
4857.82 8300
4857.822 8302
4857.824 8301
4857.826 8302
4857.828 8303
4857.83 8303
4857.832 8304
4857.834 8305
4857.836 8306
4857.838 8307
4857.84 8308
4857.842 8309
4857.844 8309
4857.846 8309
4857.848 8310
4857.85 8311
4857.852 8312
4857.854 8313
4857.856 8314
4857.858 8314
4857.86 8314
4857.862 8314
4857.864 8315
4857.866 8314
4857.868 8314
4857.87 8314
4857.872 8313
4857.874 8312
4857.876 8311
4857.878 8310
4857.88 8309
4857.882 8308
4857.884 8307
4857.886 8306
4857.888 8305
4857.89 8304
4857.892 8304
4857.894 8303
4857.896 8301
4857.898 8299
4857.9 8298
4857.902 8296
4857.904 8295
4857.906 8293
4857.908 8291
4857.91 8289
4857.912 8287
4857.914 8285
4857.916 8282
4857.918 8280
4857.92 8277
4857.922 8274
4857.924 8271
4857.926 8269
4857.928 8266
4857.93 8263
4857.932 8260
4857.934 8257
4857.936 8254
4857.938 8251
4857.94 8248
4857.942 8245
4857.944 8241
4857.946 8238
4857.948 8236
4857.95 8232
4857.952 8229
4857.954 8227
4857.956 8223
4857.958 8221
4857.96 8218
4857.962 8216
4857.964 8212
4857.966 8209
4857.968 8206
4857.97 8202
4857.972 8200
4857.974 8197
4857.976 8193
4857.978 8190
4857.98 8186
4857.982 8183
4857.984 8180
4857.986 8176
4857.988 8173
4857.99 8171
4857.992 8169
4857.994 8167
4857.996 8165
4857.998 8163
4858 8160
4858.002 8158
4858.004 8156
4858.006 8155
4858.008 8154
4858.01 8153
4858.012 8152
4858.014 8151
4858.016 8150
4858.018 8150
4858.02 8150
4858.022 8149
4858.024 8149
4858.026 8148
4858.028 8147
4858.03 8146
4858.032 8146
4858.034 8145
4858.036 8145
4858.038 8144
4858.04 8142
4858.042 8141
4858.044 8139
4858.046 8138
4858.048 8137
4858.05 8135
4858.052 8133
4858.054 8130
4858.056 8127
4858.058 8126
4858.06 8122
4858.062 8119
4858.064 8114
4858.066 8109
4858.068 8104
4858.07 8097
4858.072 8090
4858.074 8083
4858.076 8074
4858.078 8067
4858.08 8057
4858.082 8046
4858.084 8035
4858.086 8021
4858.088 8007
4858.09 7993
4858.092 7974
4858.094 7954
4858.096 7933
4858.098 7911
4858.1 7885
4858.102 7858
4858.104 7828
4858.106 7797
4858.108 7764
4858.11 7730
4858.112 7695
4858.114 7660
4858.116 7626
4858.118 7591
4858.12 7555
4858.122 7521
4858.124 7485
4858.126 7454
4858.128 7423
4858.13 7397
4858.132 7375
4858.134 7354
4858.136 7336
4858.138 7321
4858.14 7309
4858.142 7302
4858.144 7297
4858.146 7298
4858.148 7303
4858.15 7312
4858.152 7322
4858.154 7334
4858.156 7351
4858.158 7370
4858.16 7389
4858.162 7409
4858.164 7431
4858.166 7454
4858.168 7477
4858.17 7501
4858.172 7523
4858.174 7543
4858.176 7565
4858.178 7582
4858.18 7598
4858.182 7610
4858.184 7619
4858.186 7627
4858.188 7635
4858.19 7641
4858.192 7643
4858.194 7642
4858.196 7636
4858.198 7625
4858.2 7614
4858.202 7604
4858.204 7593
4858.206 7578
4858.208 7560
4858.21 7541
4858.212 7519
4858.214 7495
4858.216 7470
4858.218 7441
4858.22 7411
4858.222 7379
4858.224 7347
4858.226 7314
4858.228 7282
4858.23 7251
4858.232 7220
4858.234 7192
4858.236 7164
4858.238 7140
4858.24 7119
4858.242 7103
4858.244 7089
4858.246 7074
4858.248 7064
4858.25 7061
4858.252 7061
4858.254 7065
4858.256 7074
4858.258 7088
4858.26 7106
4858.262 7127
4858.264 7151
4858.266 7175
4858.268 7197
4858.27 7221
4858.272 7246
4858.274 7270
4858.276 7294
4858.278 7317
4858.28 7338
4858.282 7359
4858.284 7375
4858.286 7391
4858.288 7405
4858.29 7413
4858.292 7422
4858.294 7428
4858.296 7433
4858.298 7437
4858.3 7436
4858.302 7434
4858.304 7430
4858.306 7429
4858.308 7428
4858.31 7425
4858.312 7422
4858.314 7420
4858.316 7419
4858.318 7419
4858.32 7421
4858.322 7422
4858.324 7428
4858.326 7434
4858.328 7442
4858.33 7450
4858.332 7458
4858.334 7471
4858.336 7486
4858.338 7503
4858.34 7519
4858.342 7539
4858.344 7559
4858.346 7581
4858.348 7604
4858.35 7626
4858.352 7649
4858.354 7672
4858.356 7696
4858.358 7721
4858.36 7745
4858.362 7768
4858.364 7792
4858.366 7816
4858.368 7835
4858.37 7854
4858.372 7872
4858.374 7891
4858.376 7908
4858.378 7923
4858.38 7938
4858.382 7952
4858.384 7966
4858.386 7977
4858.388 7990
4858.39 8002
4858.392 8012
4858.394 8021
4858.396 8031
4858.398 8038
4858.4 8046
4858.402 8053
4858.404 8058
4858.406 8064
4858.408 8069
4858.41 8071
4858.412 8075
4858.414 8077
4858.416 8079
4858.418 8081
4858.42 8080
4858.422 8081
4858.424 8080
4858.426 8079
4858.428 8078
4858.43 8078
4858.432 8077
4858.434 8076
4858.436 8074
4858.438 8072
4858.44 8071
4858.442 8069
4858.444 8066
4858.446 8063
4858.448 8060
4858.45 8057
4858.452 8053
4858.454 8049
4858.456 8045
4858.458 8042
4858.46 8038
4858.462 8034
4858.464 8030
4858.466 8027
4858.468 8023
4858.47 8020
4858.472 8016
4858.474 8014
4858.476 8011
4858.478 8008
4858.48 8005
4858.482 8003
4858.484 8001
4858.486 7999
4858.488 7999
4858.49 7997
4858.492 7995
4858.494 7993
4858.496 7992
4858.498 7991
4858.5 7990
4858.502 7990
4858.504 7989
4858.506 7989
4858.508 7988
4858.51 7988
4858.512 7988
4858.514 7988
4858.516 7988
4858.518 7988
4858.52 7989
4858.522 7989
4858.524 7990
4858.526 7990
4858.528 7993
4858.53 7994
4858.532 7996
4858.534 7997
4858.536 7999
4858.538 8000
4858.54 8002
4858.542 8003
4858.544 8005
4858.546 8007
4858.548 8008
4858.55 8010
4858.552 8010
4858.554 8011
4858.556 8012
4858.558 8013
4858.56 8014
4858.562 8014
4858.564 8016
4858.566 8017
4858.568 8017
4858.57 8018
4858.572 8018
4858.574 8018
4858.576 8019
4858.578 8019
4858.58 8019
4858.582 8019
4858.584 8019
4858.586 8019
4858.588 8019
4858.59 8018
4858.592 8018
4858.594 8018
4858.596 8018
4858.598 8017
4858.6 8016
4858.602 8015
4858.604 8014
4858.606 8013
4858.608 8013
4858.61 8012
4858.612 8011
4858.614 8010
4858.616 8009
4858.618 8008
4858.62 8007
4858.622 8007
4858.624 8006
4858.626 8006
4858.628 8005
4858.63 8005
4858.632 8004
4858.634 8003
4858.636 8003
4858.638 8002
4858.64 8002
4858.642 8001
4858.644 8001
4858.646 8001
4858.648 8000
4858.65 8000
4858.652 7999
4858.654 7999
4858.656 7999
4858.658 7998
4858.66 7997
4858.662 7996
4858.664 7995
4858.666 7995
4858.668 7994
4858.67 7992
4858.672 7992
4858.674 7991
4858.676 7990
4858.678 7989
4858.68 7987
4858.682 7986
4858.684 7984
4858.686 7983
4858.688 7981
4858.69 7978
4858.692 7977
4858.694 7975
4858.696 7971
4858.698 7968
4858.7 7964
4858.702 7961
4858.704 7957
4858.706 7954
4858.708 7950
4858.71 7946
4858.712 7942
4858.714 7937
4858.716 7933
4858.718 7930
4858.72 7926
4858.722 7922
4858.724 7918
4858.726 7915
4858.728 7911
4858.73 7908
4858.732 7905
4858.734 7903
4858.736 7901
4858.738 7898
4858.74 7895
4858.742 7893
4858.744 7891
4858.746 7890
4858.748 7888
4858.75 7886
4858.752 7886
4858.754 7884
4858.756 7883
4858.758 7882
4858.76 7881
4858.762 7879
4858.764 7878
4858.766 7877
4858.768 7876
4858.77 7875
4858.772 7874
4858.774 7873
4858.776 7872
4858.778 7871
4858.78 7870
4858.782 7869
4858.784 7867
4858.786 7867
4858.788 7866
4858.79 7865
4858.792 7864
4858.794 7863
4858.796 7862
4858.798 7861
4858.8 7860
4858.802 7859
4858.804 7858
4858.806 7857
4858.808 7855
4858.81 7854
4858.812 7852
4858.814 7851
4858.816 7849
4858.818 7848
4858.82 7846
4858.822 7845
4858.824 7844
4858.826 7843
4858.828 7843
4858.83 7843
4858.832 7843
4858.834 7843
4858.836 7843
4858.838 7844
4858.84 7844
4858.842 7845
4858.844 7845
4858.846 7845
4858.848 7846
4858.85 7846
4858.852 7847
4858.854 7847
4858.856 7848
4858.858 7848
4858.86 7848
4858.862 7848
4858.864 7850
4858.866 7851
4858.868 7851
4858.87 7852
4858.872 7853
4858.874 7854
4858.876 7854
4858.878 7854
4858.88 7854
4858.882 7853
4858.884 7853
4858.886 7853
4858.888 7852
4858.89 7850
4858.892 7849
4858.894 7849
4858.896 7848
4858.898 7846
4858.9 7845
4858.902 7844
4858.904 7843
4858.906 7842
4858.908 7841
4858.91 7840
4858.912 7838
4858.914 7837
4858.916 7836
4858.918 7834
4858.92 7832
4858.922 7830
4858.924 7828
4858.926 7826
4858.928 7824
4858.93 7821
4858.932 7819
4858.934 7816
4858.936 7813
4858.938 7810
4858.94 7807
4858.942 7804
4858.944 7801
4858.946 7797
4858.948 7793
4858.95 7790
4858.952 7786
4858.954 7781
4858.956 7776
4858.958 7773
4858.96 7767
4858.962 7762
4858.964 7755
4858.966 7748
4858.968 7741
4858.97 7734
4858.972 7726
4858.974 7717
4858.976 7707
4858.978 7698
4858.98 7687
4858.982 7675
4858.984 7661
4858.986 7646
4858.988 7628
4858.99 7610
4858.992 7589
4858.994 7567
4858.996 7542
4858.998 7524
4859 7497
4859.002 7465
4859.004 7429
4859.006 7391
4859.008 7350
4859.01 7308
4859.012 7267
4859.014 7227
4859.016 7188
4859.018 7148
4859.02 7108
4859.022 7071
4859.024 7034
4859.026 6998
4859.028 6966
4859.03 6942
4859.032 6923
4859.034 6906
4859.036 6895
4859.038 6889
4859.04 6891
4859.042 6892
4859.044 6898
4859.046 6906
4859.048 6918
4859.05 6931
4859.052 6944
4859.054 6958
4859.056 6970
4859.058 6983
4859.06 6989
4859.062 6991
4859.064 6987
4859.066 6980
4859.068 6968
4859.07 6949
4859.072 6923
4859.074 6892
4859.076 6853
4859.078 6809
4859.08 6759
4859.082 6701
4859.084 6636
4859.086 6568
4859.088 6494
4859.09 6415
4859.092 6330
4859.094 6240
4859.096 6147
4859.098 6054
4859.1 5959
4859.102 5867
4859.104 5778
4859.106 5692
4859.108 5610
4859.11 5530
4859.112 5459
4859.114 5391
4859.116 5332
4859.118 5283
4859.12 5245
4859.122 5221
4859.124 5210
4859.126 5210
4859.128 5219
4859.13 5240
4859.132 5270
4859.134 5311
4859.136 5362
4859.138 5423
4859.14 5493
4859.142 5570
4859.144 5654
4859.146 5742
4859.148 5832
4859.15 5924
4859.152 6018
4859.154 6114
4859.156 6207
4859.158 6299
4859.16 6387
4859.162 6472
4859.164 6550
4859.166 6627
4859.168 6698
4859.17 6766
4859.172 6832
4859.174 6896
4859.176 6955
4859.178 7010
4859.18 7062
4859.182 7109
4859.184 7152
4859.186 7191
4859.188 7229
4859.19 7261
4859.192 7291
4859.194 7317
4859.196 7342
4859.198 7363
4859.2 7383
4859.202 7404
4859.204 7422
4859.206 7439
4859.208 7452
4859.21 7465
4859.212 7476
4859.214 7485
4859.216 7495
4859.218 7504
4859.22 7512
4859.222 7518
4859.224 7525
4859.226 7530
4859.228 7535
4859.23 7538
4859.232 7542
4859.234 7544
4859.236 7546
4859.238 7547
4859.24 7549
4859.242 7550
4859.244 7550
4859.246 7550
4859.248 7548
4859.25 7547
4859.252 7546
4859.254 7543
4859.256 7541
4859.258 7540
4859.26 7537
4859.262 7533
4859.264 7530
4859.266 7527
4859.268 7523
4859.27 7517
4859.272 7511
4859.274 7506
4859.276 7498
4859.278 7491
4859.28 7484
4859.282 7476
4859.284 7468
4859.286 7459
4859.288 7450
4859.29 7440
4859.292 7431
4859.294 7419
4859.296 7410
4859.298 7400
4859.3 7391
4859.302 7381
4859.304 7373
4859.306 7366
4859.308 7358
4859.31 7352
4859.312 7345
4859.314 7340
4859.316 7336
4859.318 7333
4859.32 7331
4859.322 7329
4859.324 7328
4859.326 7329
4859.328 7330
4859.33 7332
4859.332 7334
4859.334 7337
4859.336 7340
4859.338 7344
4859.34 7349
4859.342 7352
4859.344 7357
4859.346 7361
4859.348 7367
4859.35 7371
4859.352 7375
4859.354 7380
4859.356 7385
4859.358 7388
4859.36 7392
4859.362 7396
4859.364 7398
4859.366 7401
4859.368 7404
4859.37 7406
4859.372 7408
4859.374 7408
4859.376 7409
4859.378 7410
4859.38 7410
4859.382 7410
4859.384 7410
4859.386 7409
4859.388 7408
4859.39 7408
4859.392 7406
4859.394 7406
4859.396 7405
4859.398 7403
4859.4 7402
4859.402 7399
4859.404 7398
4859.406 7396
4859.408 7393
4859.41 7391
4859.412 7389
4859.414 7387
4859.416 7384
4859.418 7380
4859.42 7377
4859.422 7373
4859.424 7369
4859.426 7365
4859.428 7363
4859.43 7358
4859.432 7354
4859.434 7350
4859.436 7348
4859.438 7345
4859.44 7341
4859.442 7337
4859.444 7335
4859.446 7331
4859.448 7328
4859.45 7325
4859.452 7322
4859.454 7319
4859.456 7315
4859.458 7312
4859.46 7308
4859.462 7305
4859.464 7301
4859.466 7296
4859.468 7293
4859.47 7288
4859.472 7283
4859.474 7279
4859.476 7274
4859.478 7269
4859.48 7265
4859.482 7259
4859.484 7254
4859.486 7250
4859.488 7245
4859.49 7240
4859.492 7236
4859.494 7230
4859.496 7226
4859.498 7220
4859.5 7214
4859.502 7210
4859.504 7203
4859.506 7197
4859.508 7190
4859.51 7184
4859.512 7176
4859.514 7171
4859.516 7163
4859.518 7156
4859.52 7148
4859.522 7141
4859.524 7133
4859.526 7125
4859.528 7117
4859.53 7108
4859.532 7100
4859.534 7092
4859.536 7082
4859.538 7074
4859.54 7065
4859.542 7056
4859.544 7044
4859.546 7035
4859.548 7026
4859.55 7015
4859.552 7004
4859.554 6993
4859.556 6982
4859.558 6970
4859.56 6958
4859.562 6947
4859.564 6934
4859.566 6921
4859.568 6908
4859.57 6894
4859.572 6881
4859.574 6867
4859.576 6852
4859.578 6837
4859.58 6822
4859.582 6806
4859.584 6790
4859.586 6773
4859.588 6756
4859.59 6737
4859.592 6719
4859.594 6700
4859.596 6680
4859.598 6658
4859.6 6637
4859.602 6615
4859.604 6592
4859.606 6569
4859.608 6548
4859.61 6523
4859.612 6497
4859.614 6469
4859.616 6439
4859.618 6408
4859.62 6377
4859.622 6346
4859.624 6311
4859.626 6276
4859.628 6239
4859.63 6202
4859.632 6161
4859.634 6119
4859.636 6077
4859.638 6032
4859.64 5983
4859.642 5930
4859.644 5875
4859.646 5818
4859.648 5759
4859.65 5697
4859.652 5636
4859.654 5572
4859.656 5505
4859.658 5432
4859.66 5356
4859.662 5277
4859.664 5193
4859.666 5107
4859.668 5014
4859.67 4921
4859.672 4826
4859.674 4728
4859.676 4624
4859.678 4514
4859.68 4407
4859.682 4297
4859.684 4179
4859.686 4051
4859.688 3923
4859.69 3797
4859.692 3667
4859.694 3538
4859.696 3406
4859.698 3271
4859.7 3137
4859.702 3005
4859.704 2873
4859.706 2738
4859.708 2607
4859.71 2485
4859.712 2367
4859.714 2256
4859.716 2151
4859.718 2050
4859.72 1955
4859.722 1867
4859.724 1786
4859.726 1713
4859.728 1646
4859.73 1588
4859.732 1536
4859.734 1493
4859.736 1456
4859.738 1424
4859.74 1399
4859.742 1376
4859.744 1358
4859.746 1346
4859.748 1339
4859.75 1338
4859.752 1343
4859.754 1353
4859.756 1369
4859.758 1390
4859.76 1416
4859.762 1449
4859.764 1487
4859.766 1536
4859.768 1595
4859.77 1662
4859.772 1740
4859.774 1827
4859.776 1923
4859.778 2025
4859.78 2142
4859.782 2267
4859.784 2399
4859.786 2538
4859.788 2682
4859.79 2829
4859.792 2977
4859.794 3127
4859.796 3275
4859.798 3428
4859.8 3577
4859.802 3719
4859.804 3855
4859.806 3992
4859.808 4126
4859.81 4251
4859.812 4369
4859.814 4477
4859.816 4578
4859.818 4678
4859.82 4773
4859.822 4866
4859.824 4953
4859.826 5037
4859.828 5117
4859.83 5191
4859.832 5262
4859.834 5326
4859.836 5389
4859.838 5451
4859.84 5511
4859.842 5568
4859.844 5625
4859.846 5679
4859.848 5729
4859.85 5775
4859.852 5818
4859.854 5859
4859.856 5898
4859.858 5937
4859.86 5974
4859.862 6011
4859.864 6047
4859.866 6081
4859.868 6114
4859.87 6144
4859.872 6171
4859.874 6197
4859.876 6222
4859.878 6246
4859.88 6269
4859.882 6290
4859.884 6311
4859.886 6331
4859.888 6350
4859.89 6368
4859.892 6383
4859.894 6400
4859.896 6416
4859.898 6430
4859.9 6444
4859.902 6457
4859.904 6470
4859.906 6482
4859.908 6494
4859.91 6505
4859.912 6515
4859.914 6524
4859.916 6532
4859.918 6542
4859.92 6550
4859.922 6558
4859.924 6566
4859.926 6573
4859.928 6580
4859.93 6588
4859.932 6594
4859.934 6602
4859.936 6608
4859.938 6615
4859.94 6621
4859.942 6628
4859.944 6634
4859.946 6640
4859.948 6646
4859.95 6653
4859.952 6658
4859.954 6662
4859.956 6666
4859.958 6671
4859.96 6676
4859.962 6679
4859.964 6684
4859.966 6688
4859.968 6691
4859.97 6695
4859.972 6698
4859.974 6701
4859.976 6704
4859.978 6707
4859.98 6710
4859.982 6713
4859.984 6715
4859.986 6717
4859.988 6719
4859.99 6721
4859.992 6723
4859.994 6724
4859.996 6724
4859.998 6726
4860 6726
4860.002 6727
4860.004 6727
4860.006 6727
4860.008 6727
4860.01 6726
4860.012 6725
4860.014 6724
4860.016 6723
4860.018 6722
4860.02 6722
4860.022 6721
4860.024 6720
4860.026 6719
4860.028 6718
4860.03 6717
4860.032 6716
4860.034 6716
4860.036 6715
4860.038 6714
4860.04 6714
4860.042 6714
4860.044 6713
4860.046 6713
4860.048 6712
4860.05 6712
4860.052 6712
4860.054 6712
4860.056 6713
4860.058 6713
4860.06 6713
4860.062 6713
4860.064 6713
4860.066 6713
4860.068 6712
4860.07 6712
4860.072 6713
4860.074 6713
4860.076 6712
4860.078 6713
4860.08 6713
4860.082 6713
4860.084 6713
4860.086 6714
4860.088 6714
4860.09 6713
4860.092 6713
4860.094 6713
4860.096 6712
4860.098 6711
4860.1 6711
4860.102 6710
4860.104 6708
4860.106 6707
4860.108 6706
4860.11 6705
4860.112 6703
4860.114 6702
4860.116 6699
4860.118 6696
4860.12 6693
4860.122 6689
4860.124 6686
4860.126 6682
4860.128 6676
4860.13 6672
4860.132 6665
4860.134 6659
4860.136 6651
4860.138 6644
4860.14 6635
4860.142 6627
4860.144 6619
4860.146 6609
4860.148 6598
4860.15 6586
4860.152 6573
4860.154 6558
4860.156 6542
4860.158 6523
4860.16 6505
4860.162 6484
4860.164 6462
4860.166 6441
4860.168 6416
4860.17 6389
4860.172 6359
4860.174 6327
4860.176 6293
4860.178 6259
4860.18 6222
4860.182 6186
4860.184 6149
4860.186 6111
4860.188 6074
4860.19 6035
4860.192 5995
4860.194 5955
4860.196 5917
4860.198 5880
4860.2 5847
4860.202 5820
4860.204 5794
4860.206 5770
4860.208 5748
4860.21 5730
4860.212 5716
4860.214 5706
4860.216 5700
4860.218 5694
4860.22 5694
4860.222 5694
4860.224 5700
4860.226 5712
4860.228 5728
4860.23 5751
4860.232 5770
4860.234 5791
4860.236 5814
4860.238 5839
4860.24 5864
4860.242 5890
4860.244 5919
4860.246 5949
4860.248 5979
4860.25 6008
4860.252 6037
4860.254 6063
4860.256 6088
4860.258 6112
4860.26 6135
4860.262 6155
4860.264 6176
4860.266 6194
4860.268 6211
4860.27 6225
4860.272 6237
4860.274 6249
4860.276 6259
4860.278 6267
4860.28 6276
4860.282 6283
4860.284 6290
4860.286 6295
4860.288 6300
4860.29 6304
4860.292 6309
4860.294 6313
4860.296 6316
4860.298 6318
4860.3 6320
4860.302 6322
4860.304 6323
4860.306 6324
4860.308 6324
4860.31 6324
4860.312 6325
4860.314 6326
4860.316 6327
4860.318 6328
4860.32 6329
4860.322 6331
4860.324 6332
4860.326 6333
4860.328 6335
4860.33 6336
4860.332 6337
4860.334 6339
4860.336 6340
4860.338 6341
4860.34 6342
4860.342 6343
4860.344 6344
4860.346 6344
4860.348 6344
4860.35 6344
4860.352 6342
4860.354 6341
4860.356 6339
4860.358 6338
4860.36 6336
4860.362 6334
4860.364 6333
4860.366 6330
4860.368 6328
4860.37 6326
4860.372 6323
4860.374 6321
4860.376 6319
4860.378 6317
4860.38 6315
4860.382 6312
4860.384 6309
4860.386 6307
4860.388 6306
4860.39 6305
4860.392 6302
4860.394 6300
4860.396 6297
4860.398 6295
4860.4 6293
4860.402 6291
4860.404 6289
4860.406 6286
4860.408 6283
4860.41 6281
4860.412 6279
4860.414 6277
4860.416 6275
4860.418 6271
4860.42 6268
4860.422 6266
4860.424 6262
4860.426 6258
4860.428 6254
4860.43 6251
4860.432 6246
4860.434 6242
4860.436 6239
4860.438 6233
4860.44 6229
4860.442 6224
4860.444 6220
4860.446 6214
4860.448 6211
4860.45 6207
4860.452 6202
4860.454 6198
4860.456 6193
4860.458 6188
4860.46 6183
4860.462 6179
4860.464 6175
4860.466 6171
4860.468 6167
4860.47 6162
4860.472 6158
4860.474 6155
4860.476 6151
4860.478 6148
4860.48 6145
4860.482 6141
4860.484 6138
4860.486 6136
4860.488 6132
4860.49 6129
4860.492 6127
4860.494 6123
4860.496 6122
4860.498 6119
4860.5 6116
4860.502 6113
4860.504 6110
4860.506 6107
4860.508 6105
4860.51 6101
4860.512 6097
4860.514 6095
4860.516 6091
4860.518 6088
4860.52 6084
4860.522 6081
4860.524 6077
4860.526 6073
4860.528 6070
4860.53 6066
4860.532 6061
4860.534 6057
4860.536 6053
4860.538 6048
4860.54 6045
4860.542 6040
4860.544 6035
4860.546 6032
4860.548 6027
4860.55 6022
4860.552 6018
4860.554 6013
4860.556 6008
4860.558 6004
4860.56 5999
4860.562 5993
4860.564 5990
4860.566 5984
4860.568 5979
4860.57 5974
4860.572 5968
4860.574 5962
4860.576 5955
4860.578 5950
4860.58 5944
4860.582 5939
4860.584 5932
4860.586 5927
4860.588 5921
4860.59 5916
4860.592 5909
4860.594 5904
4860.596 5898
4860.598 5891
4860.6 5886
4860.602 5880
4860.604 5875
4860.606 5870
4860.608 5865
4860.61 5860
4860.612 5856
4860.614 5851
4860.616 5846
4860.618 5842
4860.62 5838
4860.622 5834
4860.624 5829
4860.626 5825
4860.628 5821
4860.63 5817
4860.632 5813
4860.634 5808
4860.636 5803
4860.638 5800
4860.64 5795
4860.642 5790
4860.644 5786
4860.646 5781
4860.648 5776
4860.65 5771
4860.652 5766
4860.654 5761
4860.656 5755
4860.658 5750
4860.66 5744
4860.662 5739
4860.664 5734
4860.666 5728
4860.668 5724
4860.67 5718
4860.672 5712
4860.674 5707
4860.676 5701
4860.678 5695
4860.68 5689
4860.682 5683
4860.684 5677
4860.686 5672
4860.688 5665
4860.69 5659
4860.692 5652
4860.694 5646
4860.696 5640
4860.698 5634
4860.7 5627
4860.702 5621
4860.704 5615
4860.706 5609
4860.708 5602
4860.71 5596
4860.712 5590
4860.714 5583
4860.716 5577
4860.718 5571
4860.72 5564
4860.722 5558
4860.724 5551
4860.726 5544
4860.728 5537
4860.73 5530
4860.732 5522
4860.734 5515
4860.736 5508
4860.738 5501
4860.74 5494
4860.742 5487
4860.744 5481
4860.746 5473
4860.748 5467
4860.75 5459
4860.752 5453
4860.754 5444
4860.756 5438
4860.758 5431
4860.76 5423
4860.762 5416
4860.764 5409
4860.766 5402
4860.768 5394
4860.77 5386
4860.772 5378
4860.774 5371
4860.776 5362
4860.778 5355
4860.78 5347
4860.782 5339
4860.784 5329
4860.786 5321
4860.788 5313
4860.79 5305
4860.792 5296
4860.794 5288
4860.796 5279
4860.798 5271
4860.8 5262
4860.802 5253
4860.804 5244
4860.806 5236
4860.808 5228
4860.81 5218
4860.812 5209
4860.814 5200
4860.816 5190
4860.818 5179
4860.82 5170
4860.822 5160
4860.824 5149
4860.826 5139
4860.828 5127
4860.83 5116
4860.832 5105
4860.834 5093
4860.836 5081
4860.838 5070
4860.84 5059
4860.842 5047
4860.844 5035
4860.846 5022
4860.848 5010
4860.85 4996
4860.852 4983
4860.854 4969
4860.856 4955
4860.858 4940
4860.86 4925
4860.862 4909
4860.864 4893
4860.866 4875
4860.868 4857
4860.87 4839
4860.872 4820
4860.874 4800
4860.876 4780
4860.878 4760
4860.88 4738
4860.882 4717
4860.884 4695
4860.886 4673
4860.888 4650
4860.89 4628
4860.892 4607
4860.894 4585
4860.896 4563
4860.898 4543
4860.9 4522
4860.902 4502
4860.904 4482
4860.906 4462
4860.908 4443
4860.91 4424
4860.912 4407
4860.914 4389
4860.916 4373
4860.918 4355
4860.92 4338
4860.922 4322
4860.924 4303
4860.926 4285
4860.928 4265
4860.93 4245
4860.932 4223
4860.934 4200
4860.936 4174
4860.938 4146
4860.94 4116
4860.942 4083
4860.944 4048
4860.946 4010
4860.948 3971
4860.95 3931
4860.952 3888
4860.954 3846
4860.956 3799
4860.958 3753
4860.96 3706
4860.962 3659
4860.964 3613
4860.966 3569
4860.968 3527
4860.97 3488
4860.972 3448
4860.974 3411
4860.976 3374
4860.978 3344
4860.98 3318
4860.982 3297
4860.984 3277
4860.986 3260
4860.988 3250
4860.99 3242
4860.992 3235
4860.994 3232
4860.996 3232
4860.998 3235
4861 3234
4861.002 3234
4861.004 3234
4861.006 3235
4861.008 3235
4861.01 3235
4861.012 3235
4861.014 3234
4861.016 3232
4861.018 3228
4861.02 3223
4861.022 3218
4861.024 3211
4861.026 3203
4861.028 3194
4861.03 3183
4861.032 3171
4861.034 3158
4861.036 3143
4861.038 3127
4861.04 3110
4861.042 3091
4861.044 3071
4861.046 3051
4861.048 3030
4861.05 3009
4861.052 2986
4861.054 2964
4861.056 2943
4861.058 2921
4861.06 2899
4861.062 2875
4861.064 2853
4861.066 2830
4861.068 2807
4861.07 2785
4861.072 2762
4861.074 2738
4861.076 2716
4861.078 2694
4861.08 2674
4861.082 2651
4861.084 2630
4861.086 2610
4861.088 2588
4861.09 2567
4861.092 2546
4861.094 2525
4861.096 2504
4861.098 2484
4861.1 2464
4861.102 2443
4861.104 2425
4861.106 2404
4861.108 2385
4861.11 2366
4861.112 2348
4861.114 2329
4861.116 2311
4861.118 2292
4861.12 2275
4861.122 2257
4861.124 2240
4861.126 2223
4861.128 2206
4861.13 2189
4861.132 2174
4861.134 2157
4861.136 2141
4861.138 2125
4861.14 2109
4861.142 2093
4861.144 2078
4861.146 2063
4861.148 2048
4861.15 2033
4861.152 2019
4861.154 2004
4861.156 1990
4861.158 1976
4861.16 1962
4861.162 1948
4861.164 1933
4861.166 1919
4861.168 1905
4861.17 1892
4861.172 1879
4861.174 1867
4861.176 1854
4861.178 1842
4861.18 1831
4861.182 1820
4861.184 1808
4861.186 1797
4861.188 1786
4861.19 1775
4861.192 1765
4861.194 1753
4861.196 1744
4861.198 1735
4861.2 1727
4861.202 1717
4861.204 1708
4861.206 1700
4861.208 1691
4861.21 1684
4861.212 1676
4861.214 1668
4861.216 1661
4861.218 1654
4861.22 1648
4861.222 1640
4861.224 1634
4861.226 1628
4861.228 1621
4861.23 1615
4861.232 1609
4861.234 1603
4861.236 1598
4861.238 1592
4861.24 1587
4861.242 1581
4861.244 1576
4861.246 1569
4861.248 1565
4861.25 1560
4861.252 1554
4861.254 1550
4861.256 1545
4861.258 1540
4861.26 1536
4861.262 1531
4861.264 1527
4861.266 1523
4861.268 1518
4861.27 1515
4861.272 1511
4861.274 1507
4861.276 1503
4861.278 1499
4861.28 1495
4861.282 1491
4861.284 1489
4861.286 1486
4861.288 1482
4861.29 1479
4861.292 1477
4861.294 1474
4861.296 1471
4861.298 1468
4861.3 1466
4861.302 1464
4861.304 1462
4861.306 1460
4861.308 1458
4861.31 1456
4861.312 1455
4861.314 1453
4861.316 1453
4861.318 1452
4861.32 1451
4861.322 1450
4861.324 1449
4861.326 1449
4861.328 1449
4861.33 1448
4861.332 1448
4861.334 1448
4861.336 1447
4861.338 1447
4861.34 1447
4861.342 1447
4861.344 1447
4861.346 1448
4861.348 1448
4861.35 1448
4861.352 1449
4861.354 1449
4861.356 1450
4861.358 1451
4861.36 1452
4861.362 1453
4861.364 1454
4861.366 1455
4861.368 1456
4861.37 1458
4861.372 1459
4861.374 1462
4861.376 1464
4861.378 1466
4861.38 1468
4861.382 1470
4861.384 1474
4861.386 1476
4861.388 1478
4861.39 1482
4861.392 1485
4861.394 1489
4861.396 1492
4861.398 1495
4861.4 1499
4861.402 1503
4861.404 1506
4861.406 1511
4861.408 1515
4861.41 1519
4861.412 1524
4861.414 1528
4861.416 1532
4861.418 1538
4861.42 1542
4861.422 1548
4861.424 1553
4861.426 1558
4861.428 1564
4861.43 1569
4861.432 1574
4861.434 1579
4861.436 1586
4861.438 1591
4861.44 1598
4861.442 1604
4861.444 1611
4861.446 1618
4861.448 1626
4861.45 1632
4861.452 1641
4861.454 1648
4861.456 1656
4861.458 1665
4861.46 1673
4861.462 1682
4861.464 1691
4861.466 1699
4861.468 1707
4861.47 1716
4861.472 1726
4861.474 1736
4861.476 1746
4861.478 1755
4861.48 1765
4861.482 1775
4861.484 1785
4861.486 1795
4861.488 1805
4861.49 1815
4861.492 1827
4861.494 1837
4861.496 1848
4861.498 1859
4861.5 1871
4861.502 1883
4861.504 1896
4861.506 1909
4861.508 1922
4861.51 1935
4861.512 1949
4861.514 1963
4861.516 1978
4861.518 1991
4861.52 2006
4861.522 2022
4861.524 2037
4861.526 2053
4861.528 2067
4861.53 2082
4861.532 2098
4861.534 2113
4861.536 2128
4861.538 2143
4861.54 2159
4861.542 2176
4861.544 2192
4861.546 2210
4861.548 2227
4861.55 2246
4861.552 2264
4861.554 2282
4861.556 2301
4861.558 2319
4861.56 2338
4861.562 2358
4861.564 2377
4861.566 2398
4861.568 2416
4861.57 2437
4861.572 2458
4861.574 2478
4861.576 2499
4861.578 2520
4861.58 2541
4861.582 2562
4861.584 2583
4861.586 2606
4861.588 2628
4861.59 2652
4861.592 2675
4861.594 2696
4861.596 2719
4861.598 2741
4861.6 2764
4861.602 2787
4861.604 2810
4861.606 2832
4861.608 2856
4861.61 2880
4861.612 2903
4861.614 2927
4861.616 2952
4861.618 2975
4861.62 2999
4861.622 3023
4861.624 3047
4861.626 3071
4861.628 3096
4861.63 3120
4861.632 3144
4861.634 3170
4861.636 3195
4861.638 3221
4861.64 3246
4861.642 3271
4861.644 3297
4861.646 3323
4861.648 3350
4861.65 3375
4861.652 3400
4861.654 3426
4861.656 3451
4861.658 3476
4861.66 3501
4861.662 3525
4861.664 3549
4861.666 3574
4861.668 3598
4861.67 3622
4861.672 3645
4861.674 3669
4861.676 3693
4861.678 3718
4861.68 3742
4861.682 3766
4861.684 3791
4861.686 3815
4861.688 3839
4861.69 3863
4861.692 3887
4861.694 3909
4861.696 3932
4861.698 3955
4861.7 3978
4861.702 4001
4861.704 4022
4861.706 4043
4861.708 4065
4861.71 4087
4861.712 4107
4861.714 4128
4861.716 4147
4861.718 4167
4861.72 4188
4861.722 4208
4861.724 4227
4861.726 4247
4861.728 4266
4861.73 4285
4861.732 4304
4861.734 4323
4861.736 4340
4861.738 4358
4861.74 4375
4861.742 4391
4861.744 4408
4861.746 4425
4861.748 4440
4861.75 4457
4861.752 4472
4861.754 4487
4861.756 4502
4861.758 4516
4861.76 4531
4861.762 4545
4861.764 4558
4861.766 4571
4861.768 4581
4861.77 4590
4861.772 4600
4861.774 4608
4861.776 4613
4861.778 4618
4861.78 4621
4861.782 4622
4861.784 4621
4861.786 4618
4861.788 4613
4861.79 4604
4861.792 4594
4861.794 4582
4861.796 4568
4861.798 4550
4861.8 4527
4861.802 4501
4861.804 4472
4861.806 4438
4861.808 4402
4861.81 4361
4861.812 4315
4861.814 4264
4861.816 4208
4861.818 4150
4861.82 4089
4861.822 4029
4861.824 3971
4861.826 3913
4861.828 3856
4861.83 3802
4861.832 3751
4861.834 3703
4861.836 3660
4861.838 3621
4861.84 3589
4861.842 3563
4861.844 3545
4861.846 3535
4861.848 3534
4861.85 3541
4861.852 3557
4861.854 3581
4861.856 3614
4861.858 3652
4861.86 3698
4861.862 3752
4861.864 3811
4861.866 3875
4861.868 3942
4861.87 4013
4861.872 4086
4861.874 4160
4861.876 4235
4861.878 4309
4861.88 4380
4861.882 4449
4861.884 4514
4861.886 4577
4861.888 4636
4861.89 4689
4861.892 4737
4861.894 4781
4861.896 4821
4861.898 4855
4861.9 4882
4861.902 4902
4861.904 4918
4861.906 4931
4861.908 4939
4861.91 4945
4861.912 4943
4861.914 4936
4861.916 4923
4861.918 4906
4861.92 4887
4861.922 4864
4861.924 4839
4861.926 4813
4861.928 4784
4861.93 4755
4861.932 4727
4861.934 4701
4861.936 4676
4861.938 4652
4861.94 4630
4861.942 4608
4861.944 4592
4861.946 4583
4861.948 4578
4861.95 4577
4861.952 4580
4861.954 4589
4861.956 4602
4861.958 4620
4861.96 4641
4861.962 4670
4861.964 4702
4861.966 4737
4861.968 4774
4861.97 4813
4861.972 4852
4861.974 4895
4861.976 4939
4861.978 4985
4861.98 5029
4861.982 5073
4861.984 5115
4861.986 5157
4861.988 5198
4861.99 5237
4861.992 5272
4861.994 5307
4861.996 5339
4861.998 5369
4862 5397
4862.002 5421
4862.004 5442
4862.006 5464
4862.008 5483
4862.01 5502
4862.012 5519
4862.014 5535
4862.016 5550
4862.018 5563
4862.02 5575
4862.022 5586
4862.024 5596
4862.026 5604
4862.028 5614
4862.03 5622
4862.032 5630
4862.034 5639
4862.036 5647
4862.038 5654
4862.04 5661
4862.042 5667
4862.044 5674
4862.046 5679
4862.048 5686
4862.05 5692
4862.052 5699
4862.054 5705
4862.056 5712
4862.058 5717
4862.06 5724
4862.062 5731
4862.064 5738
4862.066 5745
4862.068 5753
4862.07 5760
4862.072 5767
4862.074 5776
4862.076 5783
4862.078 5791
4862.08 5798
4862.082 5806
4862.084 5814
4862.086 5822
4862.088 5830
4862.09 5838
4862.092 5845
4862.094 5854
4862.096 5863
4862.098 5870
4862.1 5879
4862.102 5886
4862.104 5894
4862.106 5901
4862.108 5907
4862.11 5915
4862.112 5922
4862.114 5929
4862.116 5934
4862.118 5940
4862.12 5945
4862.122 5950
4862.124 5955
4862.126 5959
4862.128 5964
4862.13 5968
4862.132 5971
4862.134 5975
4862.136 5979
4862.138 5982
4862.14 5985
4862.142 5989
4862.144 5992
4862.146 5995
4862.148 5998
4862.15 6001
4862.152 6004
4862.154 6008
4862.156 6010
4862.158 6014
4862.16 6017
4862.162 6021
4862.164 6023
4862.166 6027
4862.168 6031
4862.17 6035
4862.172 6038
4862.174 6042
4862.176 6045
4862.178 6048
4862.18 6051
4862.182 6055
4862.184 6059
4862.186 6062
4862.188 6067
4862.19 6071
4862.192 6074
4862.194 6079
4862.196 6084
4862.198 6088
4862.2 6094
4862.202 6099
4862.204 6103
4862.206 6109
4862.208 6114
4862.21 6121
4862.212 6126
4862.214 6132
4862.216 6137
4862.218 6144
4862.22 6150
4862.222 6156
4862.224 6162
4862.226 6168
4862.228 6175
4862.23 6181
4862.232 6188
4862.234 6194
4862.236 6201
4862.238 6208
4862.24 6214
4862.242 6221
4862.244 6228
4862.246 6235
4862.248 6242
4862.25 6249
4862.252 6255
4862.254 6262
4862.256 6268
4862.258 6275
4862.26 6281
4862.262 6287
4862.264 6292
4862.266 6299
4862.268 6304
4862.27 6310
4862.272 6315
4862.274 6321
4862.276 6327
4862.278 6332
4862.28 6337
4862.282 6342
4862.284 6349
4862.286 6354
4862.288 6359
4862.29 6365
4862.292 6370
4862.294 6376
4862.296 6381
4862.298 6387
4862.3 6392
4862.302 6396
4862.304 6402
4862.306 6406
4862.308 6411
4862.31 6416
4862.312 6419
4862.314 6424
4862.316 6428
4862.318 6431
4862.32 6436
4862.322 6440
4862.324 6443
4862.326 6447
4862.328 6451
4862.33 6455
4862.332 6458
4862.334 6462
4862.336 6466
4862.338 6469
4862.34 6473
4862.342 6476
4862.344 6481
4862.346 6484
4862.348 6488
4862.35 6492
4862.352 6495
4862.354 6499
4862.356 6502
4862.358 6506
4862.36 6509
4862.362 6514
4862.364 6518
4862.366 6521
4862.368 6525
4862.37 6528
4862.372 6532
4862.374 6535
4862.376 6539
4862.378 6543
4862.38 6546
4862.382 6549
4862.384 6552
4862.386 6555
4862.388 6559
4862.39 6561
4862.392 6564
4862.394 6567
4862.396 6570
4862.398 6573
4862.4 6576
4862.402 6579
4862.404 6582
4862.406 6586
4862.408 6589
4862.41 6592
4862.412 6596
4862.414 6599
4862.416 6601
4862.418 6604
4862.42 6608
4862.422 6611
4862.424 6613
4862.426 6616
4862.428 6619
4862.43 6622
4862.432 6625
4862.434 6627
4862.436 6630
4862.438 6633
4862.44 6635
4862.442 6638
4862.444 6639
4862.446 6642
4862.448 6644
4862.45 6647
4862.452 6649
4862.454 6651
4862.456 6651
4862.458 6652
4862.46 6653
4862.462 6654
4862.464 6655
4862.466 6654
4862.468 6653
4862.47 6652
4862.472 6650
4862.474 6647
4862.476 6644
4862.478 6640
4862.48 6636
4862.482 6630
4862.484 6624
4862.486 6616
4862.488 6607
4862.49 6598
4862.492 6589
4862.494 6577
4862.496 6564
4862.498 6550
4862.5 6533
4862.502 6515
4862.504 6494
4862.506 6474
4862.508 6450
4862.51 6425
4862.512 6398
4862.514 6368
4862.516 6337
4862.518 6305
4862.52 6273
4862.522 6241
4862.524 6211
4862.526 6180
4862.528 6151
4862.53 6121
4862.532 6092
4862.534 6066
4862.536 6040
4862.538 6016
4862.54 5995
4862.542 5975
4862.544 5955
4862.546 5937
4862.548 5920
4862.55 5903
4862.552 5888
4862.554 5871
4862.556 5855
4862.558 5838
4862.56 5820
4862.562 5803
4862.564 5783
4862.566 5763
4862.568 5741
4862.57 5716
4862.572 5691
4862.574 5662
4862.576 5630
4862.578 5598
4862.58 5564
4862.582 5529
4862.584 5494
4862.586 5458
4862.588 5422
4862.59 5387
4862.592 5354
4862.594 5328
4862.596 5305
4862.598 5288
4862.6 5275
4862.602 5268
4862.604 5269
4862.606 5277
4862.608 5291
4862.61 5312
4862.612 5341
4862.614 5377
4862.616 5420
4862.618 5468
4862.62 5521
4862.622 5578
4862.624 5638
4862.626 5700
4862.628 5765
4862.63 5832
4862.632 5897
4862.634 5963
4862.636 6025
4862.638 6084
4862.64 6144
4862.642 6204
4862.644 6263
4862.646 6319
4862.648 6370
4862.65 6417
4862.652 6461
4862.654 6502
4862.656 6540
4862.658 6576
4862.66 6612
4862.662 6646
4862.664 6676
4862.666 6703
4862.668 6728
4862.67 6752
4862.672 6772
4862.674 6792
4862.676 6812
4862.678 6829
4862.68 6846
4862.682 6861
4862.684 6875
4862.686 6888
4862.688 6901
4862.69 6913
4862.692 6924
4862.694 6934
4862.696 6943
4862.698 6952
4862.7 6959
4862.702 6968
4862.704 6975
4862.706 6981
4862.708 6988
4862.71 6993
4862.712 6999
4862.714 7005
4862.716 7010
4862.718 7016
4862.72 7019
4862.722 7024
4862.724 7028
4862.726 7032
4862.728 7036
4862.73 7040
4862.732 7044
4862.734 7047
4862.736 7051
4862.738 7055
4862.74 7058
4862.742 7061
4862.744 7064
4862.746 7068
4862.748 7071
4862.75 7074
4862.752 7077
4862.754 7081
4862.756 7084
4862.758 7088
4862.76 7091
4862.762 7094
4862.764 7097
4862.766 7100
4862.768 7103
4862.77 7106
4862.772 7109
4862.774 7112
4862.776 7115
4862.778 7117
4862.78 7120
4862.782 7122
4862.784 7124
4862.786 7125
4862.788 7127
4862.79 7130
4862.792 7132
4862.794 7134
4862.796 7136
4862.798 7138
4862.8 7141
4862.802 7144
4862.804 7147
4862.806 7150
4862.808 7152
4862.81 7154
4862.812 7157
4862.814 7160
4862.816 7162
4862.818 7163
4862.82 7165
4862.822 7167
4862.824 7169
4862.826 7171
4862.828 7174
4862.83 7175
4862.832 7177
4862.834 7178
4862.836 7180
4862.838 7182
4862.84 7184
4862.842 7186
4862.844 7189
4862.846 7190
4862.848 7192
4862.85 7194
4862.852 7197
4862.854 7199
4862.856 7201
4862.858 7203
4862.86 7205
4862.862 7206
4862.864 7208
4862.866 7209
4862.868 7211
4862.87 7213
4862.872 7215
4862.874 7216
4862.876 7217
4862.878 7218
4862.88 7220
4862.882 7221
4862.884 7223
4862.886 7225
4862.888 7228
4862.89 7230
4862.892 7231
4862.894 7233
4862.896 7236
4862.898 7239
4862.9 7242
4862.902 7244
4862.904 7247
4862.906 7249
4862.908 7251
4862.91 7254
4862.912 7256
4862.914 7258
4862.916 7259
4862.918 7261
4862.92 7262
4862.922 7264
4862.924 7265
4862.926 7267
4862.928 7269
4862.93 7271
4862.932 7272
4862.934 7274
4862.936 7276
4862.938 7279
4862.94 7281
4862.942 7284
4862.944 7285
4862.946 7288
4862.948 7290
4862.95 7293
4862.952 7296
4862.954 7298
4862.956 7301
4862.958 7304
4862.96 7307
4862.962 7310
4862.964 7311
4862.966 7314
4862.968 7317
4862.97 7319
4862.972 7322
4862.974 7324
4862.976 7325
4862.978 7327
4862.98 7329
4862.982 7331
4862.984 7332
4862.986 7334
4862.988 7335
4862.99 7337
4862.992 7338
4862.994 7338
4862.996 7339
4862.998 7339
4863 7339
4863.002 7339
4863.004 7340
4863.006 7340
4863.008 7340
4863.01 7340
4863.012 7339
4863.014 7339
4863.016 7337
4863.018 7336
4863.02 7334
4863.022 7332
4863.024 7329
4863.026 7327
4863.028 7323
4863.03 7319
4863.032 7316
4863.034 7312
4863.036 7307
4863.038 7303
4863.04 7298
4863.042 7294
4863.044 7289
4863.046 7283
4863.048 7279
4863.05 7274
4863.052 7270
4863.054 7265
4863.056 7260
4863.058 7256
4863.06 7251
4863.062 7246
4863.064 7243
4863.066 7239
4863.068 7236
4863.07 7234
4863.072 7231
4863.074 7229
4863.076 7228
4863.078 7227
4863.08 7227
4863.082 7227
4863.084 7227
4863.086 7229
4863.088 7231
4863.09 7233
4863.092 7235
4863.094 7238
4863.096 7242
4863.098 7246
4863.1 7250
4863.102 7255
4863.104 7261
4863.106 7266
4863.108 7272
4863.11 7277
4863.112 7284
4863.114 7290
4863.116 7297
4863.118 7303
4863.12 7310
4863.122 7316
4863.124 7323
4863.126 7329
4863.128 7336
4863.13 7343
4863.132 7349
4863.134 7355
4863.136 7361
4863.138 7367
4863.14 7372
4863.142 7378
4863.144 7383
4863.146 7389
4863.148 7395
4863.15 7399
4863.152 7404
4863.154 7408
4863.156 7411
4863.158 7414
4863.16 7417
4863.162 7420
4863.164 7422
4863.166 7423
4863.168 7425
4863.17 7426
4863.172 7427
4863.174 7428
4863.176 7429
4863.178 7430
4863.18 7430
4863.182 7430
4863.184 7430
4863.186 7429
4863.188 7428
4863.19 7427
4863.192 7427
4863.194 7426
4863.196 7425
4863.198 7423
4863.2 7421
4863.202 7420
4863.204 7418
4863.206 7416
4863.208 7414
4863.21 7412
4863.212 7410
4863.214 7408
4863.216 7406
4863.218 7404
4863.22 7402
4863.222 7400
4863.224 7399
4863.226 7398
4863.228 7397
4863.23 7397
4863.232 7397
4863.234 7397
4863.236 7397
4863.238 7397
4863.24 7398
4863.242 7399
4863.244 7401
4863.246 7403
4863.248 7405
4863.25 7407
4863.252 7409
4863.254 7411
4863.256 7414
4863.258 7418
4863.26 7421
4863.262 7424
4863.264 7429
4863.266 7434
4863.268 7439
4863.27 7445
4863.272 7450
4863.274 7456
4863.276 7462
4863.278 7467
4863.28 7473
4863.282 7479
4863.284 7485
4863.286 7491
4863.288 7496
4863.29 7502
4863.292 7508
4863.294 7514
4863.296 7519
4863.298 7526
4863.3 7530
4863.302 7535
4863.304 7541
4863.306 7546
4863.308 7551
4863.31 7556
4863.312 7561
4863.314 7566
4863.316 7569
4863.318 7574
4863.32 7579
4863.322 7583
4863.324 7586
4863.326 7590
4863.328 7594
4863.33 7597
4863.332 7600
4863.334 7603
4863.336 7607
4863.338 7610
4863.34 7612
4863.342 7616
4863.344 7619
4863.346 7622
4863.348 7625
4863.35 7628
4863.352 7630
4863.354 7633
4863.356 7635
4863.358 7637
4863.36 7639
4863.362 7639
4863.364 7641
4863.366 7642
4863.368 7643
4863.37 7644
4863.372 7645
4863.374 7645
4863.376 7646
4863.378 7646
4863.38 7647
4863.382 7647
4863.384 7648
4863.386 7649
4863.388 7649
4863.39 7649
4863.392 7650
4863.394 7650
4863.396 7651
4863.398 7651
4863.4 7651
4863.402 7652
4863.404 7651
4863.406 7651
4863.408 7651
4863.41 7651
4863.412 7651
4863.414 7651
4863.416 7650
4863.418 7650
4863.42 7650
4863.422 7649
4863.424 7649
4863.426 7649
4863.428 7649
4863.43 7649
4863.432 7648
4863.434 7649
4863.436 7649
4863.438 7649
4863.44 7648
4863.442 7648
4863.444 7648
4863.446 7647
4863.448 7647
4863.45 7647
4863.452 7647
4863.454 7648
4863.456 7648
4863.458 7648
4863.46 7648
4863.462 7649
4863.464 7649
4863.466 7650
4863.468 7651
4863.47 7652
4863.472 7652
4863.474 7654
4863.476 7654
4863.478 7655
4863.48 7655
4863.482 7657
4863.484 7658
4863.486 7659
4863.488 7660
4863.49 7661
4863.492 7662
4863.494 7664
4863.496 7665
4863.498 7665
4863.5 7666
4863.502 7667
4863.504 7668
4863.506 7668
4863.508 7669
4863.51 7669
4863.512 7669
4863.514 7668
4863.516 7668
4863.518 7667
4863.52 7666
4863.522 7664
4863.524 7662
4863.526 7661
4863.528 7659
4863.53 7656
4863.532 7653
4863.534 7650
4863.536 7647
4863.538 7642
4863.54 7636
4863.542 7627
4863.544 7619
4863.546 7609
4863.548 7599
4863.55 7587
4863.552 7573
4863.554 7558
4863.556 7539
4863.558 7521
4863.56 7501
4863.562 7479
4863.564 7455
4863.566 7426
4863.568 7395
4863.57 7360
4863.572 7321
4863.574 7277
4863.576 7230
4863.578 7176
4863.58 7115
4863.582 7047
4863.584 6975
4863.586 6893
4863.588 6802
4863.59 6704
4863.592 6602
4863.594 6493
4863.596 6373
4863.598 6245
4863.6 6111
4863.602 5970
4863.604 5823
4863.606 5670
4863.608 5511
4863.61 5349
4863.612 5185
4863.614 5019
4863.616 4849
4863.618 4678
4863.62 4507
4863.622 4342
4863.624 4182
4863.626 4026
4863.628 3873
4863.63 3724
4863.632 3584
4863.634 3455
4863.636 3340
4863.638 3237
4863.64 3146
4863.642 3069
4863.644 3003
4863.646 2957
4863.648 2929
4863.65 2912
4863.652 2908
4863.654 2918
4863.656 2940
4863.658 2977
4863.66 3035
4863.662 3114
4863.664 3209
4863.666 3314
4863.668 3434
4863.67 3569
4863.672 3721
4863.674 3884
4863.676 4050
4863.678 4218
4863.68 4391
4863.682 4570
4863.684 4751
4863.686 4929
4863.688 5099
4863.69 5263
4863.692 5427
4863.694 5582
4863.696 5731
4863.698 5869
4863.7 5999
4863.702 6123
4863.704 6240
4863.706 6346
4863.708 6446
4863.71 6540
4863.712 6625
4863.714 6706
4863.716 6777
4863.718 6842
4863.72 6902
4863.722 6954
4863.724 6997
4863.726 7034
4863.728 7067
4863.73 7097
4863.732 7124
4863.734 7147
4863.736 7166
4863.738 7183
4863.74 7196
4863.742 7206
4863.744 7212
4863.746 7212
4863.748 7209
4863.75 7207
4863.752 7204
4863.754 7200
4863.756 7195
4863.758 7189
4863.76 7183
4863.762 7177
4863.764 7170
4863.766 7164
4863.768 7158
4863.77 7154
4863.772 7151
4863.774 7151
4863.776 7154
4863.778 7158
4863.78 7164
4863.782 7172
4863.784 7185
4863.786 7202
4863.788 7221
4863.79 7244
4863.792 7269
4863.794 7293
4863.796 7318
4863.798 7344
4863.8 7369
4863.802 7395
4863.804 7422
4863.806 7448
4863.808 7474
4863.81 7499
4863.812 7524
4863.814 7549
4863.816 7572
4863.818 7596
4863.82 7618
4863.822 7637
4863.824 7656
4863.826 7673
4863.828 7688
4863.83 7702
4863.832 7714
4863.834 7724
4863.836 7733
4863.838 7741
4863.84 7747
4863.842 7753
4863.844 7755
4863.846 7756
4863.848 7754
4863.85 7752
4863.852 7748
4863.854 7743
4863.856 7736
4863.858 7727
4863.86 7714
4863.862 7698
4863.864 7680
4863.866 7658
4863.868 7633
4863.87 7605
4863.872 7573
4863.874 7537
4863.876 7499
4863.878 7455
4863.88 7405
4863.882 7349
4863.884 7290
4863.886 7227
4863.888 7159
4863.89 7086
4863.892 7007
4863.894 6924
4863.896 6836
4863.898 6746
4863.9 6650
4863.902 6553
4863.904 6456
4863.906 6360
4863.908 6264
4863.91 6168
4863.912 6075
4863.914 5985
4863.916 5900
4863.918 5822
4863.92 5752
4863.922 5687
4863.924 5630
4863.926 5580
4863.928 5539
4863.93 5511
4863.932 5495
4863.934 5493
4863.936 5502
4863.938 5521
4863.94 5552
4863.942 5593
4863.944 5643
4863.946 5702
4863.948 5767
4863.95 5839
4863.952 5920
4863.954 6006
4863.956 6095
4863.958 6186
4863.96 6278
4863.962 6371
4863.964 6463
4863.966 6552
4863.968 6640
4863.97 6727
4863.972 6810
4863.974 6890
4863.976 6965
4863.978 7037
4863.98 7104
4863.982 7168
4863.984 7227
4863.986 7281
4863.988 7332
4863.99 7380
4863.992 7427
4863.994 7471
4863.996 7510
4863.998 7546
4864 7581
4864.002 7611
4864.004 7641
4864.006 7668
4864.008 7693
4864.01 7717
4864.012 7740
4864.014 7762
4864.016 7782
4864.018 7802
4864.02 7819
4864.022 7836
4864.024 7851
4864.026 7865
4864.028 7878
4864.03 7891
4864.032 7903
4864.034 7914
4864.036 7924
4864.038 7933
4864.04 7942
4864.042 7951
4864.044 7960
4864.046 7967
4864.048 7975
4864.05 7981
4864.052 7988
4864.054 7993
4864.056 7999
4864.058 8004
4864.06 8008
4864.062 8013
4864.064 8017
4864.066 8020
4864.068 8024
4864.07 8028
4864.072 8031
4864.074 8034
4864.076 8036
4864.078 8039
4864.08 8040
4864.082 8042
4864.084 8044
4864.086 8045
4864.088 8046
4864.09 8047
4864.092 8048
4864.094 8049
4864.096 8049
4864.098 8049
4864.1 8048
4864.102 8046
4864.104 8045
4864.106 8043
4864.108 8040
4864.11 8039
4864.112 8036
4864.114 8032
4864.116 8028
4864.118 8023
4864.12 8017
4864.122 8010
4864.124 8004
4864.126 7995
4864.128 7988
4864.13 7979
4864.132 7967
4864.134 7955
4864.136 7943
4864.138 7929
4864.14 7914
4864.142 7897
4864.144 7878
4864.146 7860
4864.148 7840
4864.15 7820
4864.152 7799
4864.154 7777
4864.156 7758
4864.158 7738
4864.16 7718
4864.162 7700
4864.164 7682
4864.166 7662
4864.168 7643
4864.17 7627
4864.172 7614
4864.174 7603
4864.176 7594
4864.178 7586
4864.18 7581
4864.182 7578
4864.184 7577
4864.186 7579
4864.188 7584
4864.19 7589
4864.192 7597
4864.194 7606
4864.196 7616
4864.198 7627
4864.2 7637
4864.202 7646
4864.204 7655
4864.206 7663
4864.208 7669
4864.21 7674
4864.212 7675
4864.214 7672
4864.216 7667
4864.218 7659
4864.22 7648
4864.222 7632
4864.224 7612
4864.226 7585
4864.228 7555
4864.23 7519
4864.232 7479
4864.234 7431
4864.236 7377
4864.238 7317
4864.24 7251
4864.242 7180
4864.244 7105
4864.246 7026
4864.248 6942
4864.25 6853
4864.252 6762
4864.254 6667
4864.256 6568
4864.258 6467
4864.26 6363
4864.262 6258
4864.264 6153
4864.266 6049
4864.268 5948
4864.27 5848
4864.272 5754
4864.274 5660
4864.276 5569
4864.278 5482
4864.28 5397
4864.282 5315
4864.284 5239
4864.286 5167
4864.288 5099
4864.29 5032
4864.292 4968
4864.294 4903
4864.296 4840
4864.298 4779
4864.3 4719
4864.302 4660
4864.304 4602
4864.306 4545
4864.308 4488
4864.31 4432
4864.312 4378
4864.314 4325
4864.316 4275
4864.318 4227
4864.32 4185
4864.322 4147
4864.324 4118
4864.326 4096
4864.328 4083
4864.33 4078
4864.332 4082
4864.334 4098
4864.336 4123
4864.338 4161
4864.34 4209
4864.342 4267
4864.344 4339
4864.346 4423
4864.348 4518
4864.35 4625
4864.352 4740
4864.354 4859
4864.356 4984
4864.358 5117
4864.36 5253
4864.362 5391
4864.364 5533
4864.366 5675
4864.368 5818
4864.37 5957
4864.372 6089
4864.374 6211
4864.376 6335
4864.378 6458
4864.38 6574
4864.382 6679
4864.384 6780
4864.386 6876
4864.388 6967
4864.39 7055
4864.392 7138
4864.394 7217
4864.396 7290
4864.398 7358
4864.4 7423
4864.402 7485
4864.404 7541
4864.406 7593
4864.408 7640
4864.41 7684
4864.412 7726
4864.414 7766
4864.416 7803
4864.418 7836
4864.42 7867
4864.422 7896
4864.424 7922
4864.426 7947
4864.428 7969
4864.43 7991
4864.432 8011
4864.434 8031
4864.436 8049
4864.438 8065
4864.44 8082
4864.442 8097
4864.444 8111
4864.446 8123
4864.448 8134
4864.45 8144
4864.452 8153
4864.454 8163
4864.456 8170
4864.458 8179
4864.46 8185
4864.462 8192
4864.464 8197
4864.466 8204
4864.468 8208
4864.47 8213
4864.472 8218
4864.474 8222
4864.476 8226
4864.478 8230
4864.48 8234
4864.482 8236
4864.484 8239
4864.486 8242
4864.488 8245
4864.49 8247
4864.492 8250
4864.494 8252
4864.496 8252
4864.498 8255
4864.5 8256
4864.502 8258
4864.504 8259
4864.506 8261
4864.508 8263
4864.51 8265
4864.512 8267
4864.514 8268
4864.516 8269
4864.518 8271
4864.52 8273
4864.522 8274
4864.524 8275
4864.526 8276
4864.528 8277
4864.53 8279
4864.532 8280
4864.534 8281
4864.536 8281
4864.538 8282
4864.54 8282
4864.542 8282
4864.544 8283
4864.546 8283
4864.548 8283
4864.55 8282
4864.552 8281
4864.554 8281
4864.556 8281
4864.558 8281
4864.56 8280
4864.562 8278
4864.564 8277
4864.566 8277
4864.568 8275
4864.57 8274
4864.572 8272
4864.574 8270
4864.576 8268
4864.578 8267
4864.58 8265
4864.582 8263
4864.584 8261
4864.586 8258
4864.588 8256
4864.59 8254
4864.592 8252
4864.594 8249
4864.596 8247
4864.598 8245
4864.6 8243
4864.602 8241
4864.604 8239
4864.606 8238
4864.608 8236
4864.61 8236
4864.612 8235
4864.614 8235
4864.616 8234
4864.618 8235
4864.62 8235
4864.622 8235
4864.624 8236
4864.626 8236
4864.628 8236
4864.63 8237
4864.632 8237
4864.634 8237
4864.636 8237
4864.638 8234
4864.64 8232
4864.642 8229
4864.644 8226
4864.646 8220
4864.648 8213
4864.65 8205
4864.652 8196
4864.654 8185
4864.656 8171
4864.658 8156
4864.66 8138
4864.662 8118
4864.664 8098
4864.666 8073
4864.668 8043
4864.67 8010
4864.672 7974
4864.674 7933
4864.676 7889
4864.678 7839
4864.68 7783
4864.682 7717
4864.684 7645
4864.686 7569
4864.688 7487
4864.69 7400
4864.692 7306
4864.694 7205
4864.696 7097
4864.698 6986
4864.7 6875
4864.702 6763
4864.704 6645
4864.706 6515
4864.708 6386
4864.71 6257
4864.712 6127
4864.714 6001
4864.716 5882
4864.718 5765
4864.72 5662
4864.722 5568
4864.724 5481
4864.726 5406
4864.728 5343
4864.73 5291
4864.732 5251
4864.734 5224
4864.736 5212
4864.738 5218
4864.74 5237
4864.742 5269
4864.744 5315
4864.746 5373
4864.748 5445
4864.75 5527
4864.752 5618
4864.754 5716
4864.756 5821
4864.758 5943
4864.76 6065
4864.762 6190
4864.764 6316
4864.766 6443
4864.768 6556
4864.77 6675
4864.772 6790
4864.774 6896
4864.776 6998
4864.778 7096
4864.78 7187
4864.782 7274
4864.784 7352
4864.786 7422
4864.788 7489
4864.79 7553
4864.792 7609
4864.794 7661
4864.796 7708
4864.798 7751
4864.8 7788
4864.802 7823
4864.804 7857
4864.806 7887
4864.808 7915
4864.81 7941
4864.812 7964
4864.814 7986
4864.816 8007
4864.818 8026
4864.82 8045
4864.822 8061
4864.824 8077
4864.826 8092
4864.828 8105
4864.83 8117
4864.832 8129
4864.834 8140
4864.836 8151
4864.838 8161
4864.84 8170
4864.842 8179
4864.844 8188
4864.846 8197
4864.848 8204
4864.85 8212
4864.852 8219
4864.854 8225
4864.856 8231
4864.858 8237
4864.86 8242
4864.862 8247
4864.864 8253
4864.866 8257
4864.868 8262
4864.87 8267
4864.872 8271
4864.874 8276
4864.876 8280
4864.878 8285
4864.88 8291
4864.882 8296
4864.884 8302
4864.886 8307
4864.888 8312
4864.89 8318
4864.892 8324
4864.894 8328
4864.896 8333
4864.898 8338
4864.9 8342
4864.902 8346
4864.904 8350
4864.906 8353
4864.908 8357
4864.91 8360
4864.912 8362
4864.914 8365
4864.916 8367
4864.918 8369
4864.92 8370
4864.922 8372
4864.924 8374
4864.926 8376
4864.928 8378
4864.93 8379
4864.932 8381
4864.934 8383
4864.936 8385
4864.938 8386
4864.94 8387
4864.942 8388
4864.944 8390
4864.946 8391
4864.948 8393
4864.95 8394
4864.952 8395
4864.954 8396
4864.956 8397
4864.958 8397
4864.96 8396
4864.962 8396
4864.964 8395
4864.966 8394
4864.968 8394
4864.97 8393
4864.972 8392
4864.974 8391
4864.976 8390
4864.978 8390
4864.98 8388
4864.982 8387
4864.984 8387
4864.986 8386
4864.988 8385
4864.99 8385
4864.992 8384
4864.994 8384
4864.996 8384
4864.998 8384
4865 8384
4865.002 8384
4865.004 8384
4865.006 8384
4865.008 8384
4865.01 8385
4865.012 8385
4865.014 8385
4865.016 8385
4865.018 8385
4865.02 8386
4865.022 8387
4865.024 8387
4865.026 8388
4865.028 8388
4865.03 8389
4865.032 8389
4865.034 8390
4865.036 8390
4865.038 8390
4865.04 8390
4865.042 8391
4865.044 8391
4865.046 8391
4865.048 8392
4865.05 8393
4865.052 8393
4865.054 8394
4865.056 8394
4865.058 8395
4865.06 8396
4865.062 8396
4865.064 8397
4865.066 8398
4865.068 8399
4865.07 8400
4865.072 8401
4865.074 8402
4865.076 8402
4865.078 8403
4865.08 8405
4865.082 8406
4865.084 8407
4865.086 8408
4865.088 8409
4865.09 8409
4865.092 8410
4865.094 8411
4865.096 8413
4865.098 8414
4865.1 8415
4865.102 8417
4865.104 8418
4865.106 8420
4865.108 8421
4865.11 8422
4865.112 8423
4865.114 8424
4865.116 8425
4865.118 8426
4865.12 8427
4865.122 8428
4865.124 8428
4865.126 8428
4865.128 8428
4865.13 8429
4865.132 8429
4865.134 8429
4865.136 8429
4865.138 8429
4865.14 8429
4865.142 8429
4865.144 8429
4865.146 8428
4865.148 8428
4865.15 8428
4865.152 8428
4865.154 8427
4865.156 8428
4865.158 8427
4865.16 8426
4865.162 8426
4865.164 8426
4865.166 8426
4865.168 8425
4865.17 8425
4865.172 8425
4865.174 8425
4865.176 8426
4865.178 8426
4865.18 8427
4865.182 8427
4865.184 8428
4865.186 8428
4865.188 8429
4865.19 8430
4865.192 8431
4865.194 8432
4865.196 8434
4865.198 8434
4865.2 8436
4865.202 8437
4865.204 8438
4865.206 8438
4865.208 8440
4865.21 8441
4865.212 8442
4865.214 8443
4865.216 8444
4865.218 8445
4865.22 8446
4865.222 8447
4865.224 8447
4865.226 8447
4865.228 8448
4865.23 8449
4865.232 8449
4865.234 8450
4865.236 8451
4865.238 8451
4865.24 8452
4865.242 8453
4865.244 8454
4865.246 8454
4865.248 8456
4865.25 8457
4865.252 8459
4865.254 8460
4865.256 8460
4865.258 8461
4865.26 8462
4865.262 8463
4865.264 8464
4865.266 8465
4865.268 8466
4865.27 8467
4865.272 8468
4865.274 8468
4865.276 8469
4865.278 8470
4865.28 8471
4865.282 8472
4865.284 8472
4865.286 8472
4865.288 8473
4865.29 8474
4865.292 8474
4865.294 8476
4865.296 8477
4865.298 8478
4865.3 8478
4865.302 8479
4865.304 8479
4865.306 8480
4865.308 8480
4865.31 8481
4865.312 8482
4865.314 8481
4865.316 8481
4865.318 8481
4865.32 8481
4865.322 8481
4865.324 8480
4865.326 8480
4865.328 8479
4865.33 8479
4865.332 8479
4865.334 8479
4865.336 8478
4865.338 8477
4865.34 8476
4865.342 8475
4865.344 8474
4865.346 8474
4865.348 8473
4865.35 8472
4865.352 8471
4865.354 8471
4865.356 8470
4865.358 8470
4865.36 8469
4865.362 8467
4865.364 8466
4865.366 8465
4865.368 8464
4865.37 8463
4865.372 8463
4865.374 8461
4865.376 8461
4865.378 8460
4865.38 8458
4865.382 8458
4865.384 8456
4865.386 8456
4865.388 8455
4865.39 8455
4865.392 8454
4865.394 8453
4865.396 8453
4865.398 8452
4865.4 8451
4865.402 8451
4865.404 8450
4865.406 8449
4865.408 8449
4865.41 8448
4865.412 8448
4865.414 8447
4865.416 8446
4865.418 8445
4865.42 8444
4865.422 8443
4865.424 8442
4865.426 8441
4865.428 8440
4865.43 8439
4865.432 8438
4865.434 8437
4865.436 8436
4865.438 8434
4865.44 8433
4865.442 8431
4865.444 8430
4865.446 8429
4865.448 8427
4865.45 8425
4865.452 8423
4865.454 8421
4865.456 8419
4865.458 8417
4865.46 8414
4865.462 8412
4865.464 8410
4865.466 8407
4865.468 8405
4865.47 8403
4865.472 8400
4865.474 8397
4865.476 8395
4865.478 8392
4865.48 8389
4865.482 8386
4865.484 8383
4865.486 8380
4865.488 8377
4865.49 8374
4865.492 8370
4865.494 8366
4865.496 8363
4865.498 8358
4865.5 8354
4865.502 8349
4865.504 8343
4865.506 8338
4865.508 8331
4865.51 8324
4865.512 8315
4865.514 8308
4865.516 8299
4865.518 8290
4865.52 8281
4865.522 8271
4865.524 8259
4865.526 8246
4865.528 8233
4865.53 8218
4865.532 8202
4865.534 8182
4865.536 8162
4865.538 8140
4865.54 8113
4865.542 8082
4865.544 8047
4865.546 8010
4865.548 7970
4865.55 7927
4865.552 7879
4865.554 7826
4865.556 7770
4865.558 7706
4865.56 7638
4865.562 7564
4865.564 7483
4865.566 7397
4865.568 7306
4865.57 7208
4865.572 7103
4865.574 6992
4865.576 6883
4865.578 6768
4865.58 6643
4865.582 6515
4865.584 6386
4865.586 6261
4865.588 6132
4865.59 6003
4865.592 5877
4865.594 5758
4865.596 5637
4865.598 5530
4865.6 5430
4865.602 5338
4865.604 5252
4865.606 5176
4865.608 5114
4865.61 5066
4865.612 5030
4865.614 5004
4865.616 4992
4865.618 4997
4865.62 5015
4865.622 5046
4865.624 5088
4865.626 5144
4865.628 5214
4865.63 5298
4865.632 5390
4865.634 5491
4865.636 5597
4865.638 5713
4865.64 5839
4865.642 5969
4865.644 6095
4865.646 6219
4865.648 6347
4865.65 6477
4865.652 6604
4865.654 6724
4865.656 6840
4865.658 6948
4865.66 7052
4865.662 7153
4865.664 7249
4865.666 7341
4865.668 7430
4865.67 7514
4865.672 7590
4865.674 7660
4865.676 7723
4865.678 7782
4865.68 7837
4865.682 7886
4865.684 7933
4865.686 7978
4865.688 8021
4865.69 8059
4865.692 8094
4865.694 8127
4865.696 8158
4865.698 8186
4865.7 8212
4865.702 8236
4865.704 8259
4865.706 8278
4865.708 8298
4865.71 8317
4865.712 8334
4865.714 8350
4865.716 8364
4865.718 8377
4865.72 8389
4865.722 8402
4865.724 8411
4865.726 8419
4865.728 8428
4865.73 8435
4865.732 8444
4865.734 8449
4865.736 8455
4865.738 8461
4865.74 8466
4865.742 8472
4865.744 8476
4865.746 8479
4865.748 8484
4865.75 8488
4865.752 8492
4865.754 8494
4865.756 8497
4865.758 8501
4865.76 8504
4865.762 8506
4865.764 8509
4865.766 8511
4865.768 8513
4865.77 8515
4865.772 8518
4865.774 8520
4865.776 8522
4865.778 8524
4865.78 8525
4865.782 8527
4865.784 8530
4865.786 8531
4865.788 8534
4865.79 8536
4865.792 8538
4865.794 8541
4865.796 8543
4865.798 8546
4865.8 8548
4865.802 8549
4865.804 8550
4865.806 8552
4865.808 8554
4865.81 8556
4865.812 8558
4865.814 8559
4865.816 8560
4865.818 8562
4865.82 8564
4865.822 8565
4865.824 8567
4865.826 8568
4865.828 8570
4865.83 8571
4865.832 8572
4865.834 8572
4865.836 8574
4865.838 8576
4865.84 8577
4865.842 8579
4865.844 8580
4865.846 8582
4865.848 8584
4865.85 8585
4865.852 8587
4865.854 8589
4865.856 8591
4865.858 8593
4865.86 8594
4865.862 8596
4865.864 8598
4865.866 8600
4865.868 8603
4865.87 8605
4865.872 8607
4865.874 8609
4865.876 8612
4865.878 8613
4865.88 8614
4865.882 8616
4865.884 8617
4865.886 8619
4865.888 8621
4865.89 8621
4865.892 8623
4865.894 8624
4865.896 8625
4865.898 8627
4865.9 8628
4865.902 8629
4865.904 8631
4865.906 8631
4865.908 8633
4865.91 8634
4865.912 8636
4865.914 8637
4865.916 8638
4865.918 8639
4865.92 8640
4865.922 8641
4865.924 8642
4865.926 8643
4865.928 8644
4865.93 8645
4865.932 8645
4865.934 8646
4865.936 8647
4865.938 8647
4865.94 8648
4865.942 8648
4865.944 8648
4865.946 8648
4865.948 8649
4865.95 8649
4865.952 8650
4865.954 8650
4865.956 8650
4865.958 8651
4865.96 8651
4865.962 8652
4865.964 8652
4865.966 8653
4865.968 8653
4865.97 8654
4865.972 8654
4865.974 8654
4865.976 8655
4865.978 8655
4865.98 8655
4865.982 8655
4865.984 8654
4865.986 8654
4865.988 8655
4865.99 8654
4865.992 8653
4865.994 8653
4865.996 8652
4865.998 8650
4866 8649
