4335 9352
4335.002 9372
4335.004 9391
4335.006 9410
4335.008 9428
4335.01 9444
4335.012 9461
4335.014 9476
4335.016 9489
4335.018 9501
4335.02 9513
4335.022 9524
4335.024 9535
4335.026 9543
4335.028 9551
4335.03 9559
4335.032 9567
4335.034 9573
4335.036 9578
4335.038 9584
4335.04 9589
4335.042 9593
4335.044 9597
4335.046 9601
4335.048 9604
4335.05 9608
4335.052 9612
4335.054 9616
4335.056 9619
4335.058 9623
4335.06 9625
4335.062 9629
4335.064 9631
4335.066 9634
4335.068 9636
4335.07 9637
4335.072 9638
4335.074 9640
4335.076 9641
4335.078 9641
4335.08 9642
4335.082 9643
4335.084 9643
4335.086 9644
4335.088 9644
4335.09 9645
4335.092 9645
4335.094 9644
4335.096 9643
4335.098 9643
4335.1 9643
4335.102 9642
4335.104 9641
4335.106 9639
4335.108 9638
4335.11 9636
4335.112 9634
4335.114 9631
4335.116 9629
4335.118 9627
4335.12 9624
4335.122 9621
4335.124 9619
4335.126 9617
4335.128 9613
4335.13 9610
4335.132 9607
4335.134 9604
4335.136 9599
4335.138 9594
4335.14 9588
4335.142 9581
4335.144 9572
4335.146 9564
4335.148 9556
4335.15 9545
4335.152 9532
4335.154 9515
4335.156 9498
4335.158 9478
4335.16 9458
4335.162 9437
4335.164 9415
4335.166 9393
4335.168 9369
4335.17 9341
4335.172 9310
4335.174 9277
4335.176 9244
4335.178 9209
4335.18 9172
4335.182 9133
4335.184 9092
4335.186 9053
4335.188 9009
4335.19 8958
4335.192 8905
4335.194 8853
4335.196 8801
4335.198 8747
4335.2 8689
4335.202 8629
4335.204 8565
4335.206 8498
4335.208 8432
4335.21 8365
4335.212 8296
4335.214 8232
4335.216 8172
4335.218 8113
4335.22 8057
4335.222 8002
4335.224 7943
4335.226 7883
4335.228 7824
4335.23 7769
4335.232 7717
4335.234 7669
4335.236 7621
4335.238 7573
4335.24 7526
4335.242 7483
4335.244 7439
4335.246 7396
4335.248 7353
4335.25 7307
4335.252 7267
4335.254 7232
4335.256 7199
4335.258 7166
4335.26 7136
4335.262 7106
4335.264 7078
4335.266 7052
4335.268 7031
4335.27 7007
4335.272 6992
4335.274 6986
4335.276 6981
4335.278 6967
4335.28 6965
4335.282 6967
4335.284 6977
4335.286 6988
4335.288 6995
4335.29 7008
4335.292 7022
4335.294 7037
4335.296 7055
4335.298 7076
4335.3 7107
4335.302 7142
4335.304 7184
4335.306 7234
4335.308 7296
4335.31 7360
4335.312 7422
4335.314 7478
4335.316 7532
4335.318 7593
4335.32 7661
4335.322 7733
4335.324 7802
4335.326 7867
4335.328 7933
4335.33 8001
4335.332 8072
4335.334 8142
4335.336 8209
4335.338 8273
4335.34 8330
4335.342 8383
4335.344 8433
4335.346 8483
4335.348 8534
4335.35 8585
4335.352 8631
4335.354 8674
4335.356 8713
4335.358 8751
4335.36 8784
4335.362 8815
4335.364 8843
4335.366 8868
4335.368 8891
4335.37 8911
4335.372 8931
4335.374 8951
4335.376 8974
4335.378 8990
4335.38 8998
4335.382 9004
4335.384 9008
4335.386 9009
4335.388 9005
4335.39 8992
4335.392 8972
4335.394 8955
4335.396 8938
4335.398 8918
4335.4 8896
4335.402 8871
4335.404 8849
4335.406 8825
4335.408 8793
4335.41 8757
4335.412 8722
4335.414 8687
4335.416 8652
4335.418 8616
4335.42 8579
4335.422 8540
4335.424 8502
4335.426 8467
4335.428 8434
4335.43 8406
4335.432 8380
4335.434 8357
4335.436 8336
4335.438 8318
4335.44 8301
4335.442 8285
4335.444 8269
4335.446 8257
4335.448 8246
4335.45 8244
4335.452 8250
4335.454 8256
4335.456 8259
4335.458 8271
4335.46 8291
4335.462 8315
4335.464 8341
4335.466 8368
4335.468 8397
4335.47 8431
4335.472 8468
4335.474 8505
4335.476 8543
4335.478 8582
4335.48 8623
4335.482 8665
4335.484 8708
4335.486 8747
4335.488 8786
4335.49 8821
4335.492 8856
4335.494 8891
4335.496 8926
4335.498 8962
4335.5 8999
4335.502 9034
4335.504 9067
4335.506 9092
4335.508 9118
4335.51 9145
4335.512 9168
4335.514 9190
4335.516 9211
4335.518 9230
4335.52 9245
4335.522 9254
4335.524 9260
4335.526 9272
4335.528 9282
4335.53 9285
4335.532 9284
4335.534 9284
4335.536 9281
4335.538 9276
4335.54 9271
4335.542 9267
4335.544 9260
4335.546 9255
4335.548 9248
4335.55 9240
4335.552 9230
4335.554 9218
4335.556 9207
4335.558 9196
4335.56 9184
4335.562 9174
4335.564 9163
4335.566 9154
4335.568 9145
4335.57 9137
4335.572 9129
4335.574 9123
4335.576 9116
4335.578 9110
4335.58 9105
4335.582 9100
4335.584 9096
4335.586 9093
4335.588 9090
4335.59 9088
4335.592 9086
4335.594 9084
4335.596 9084
4335.598 9084
4335.6 9083
4335.602 9083
4335.604 9084
4335.606 9086
4335.608 9089
4335.61 9092
4335.612 9096
4335.614 9100
4335.616 9105
4335.618 9110
4335.62 9117
4335.622 9122
4335.624 9129
4335.626 9136
4335.628 9144
4335.63 9151
4335.632 9159
4335.634 9167
4335.636 9175
4335.638 9183
4335.64 9191
4335.642 9199
4335.644 9207
4335.646 9215
4335.648 9222
4335.65 9230
4335.652 9238
4335.654 9246
4335.656 9254
4335.658 9262
4335.66 9270
4335.662 9278
4335.664 9286
4335.666 9294
4335.668 9302
4335.67 9311
4335.672 9319
4335.674 9328
4335.676 9336
4335.678 9343
4335.68 9350
4335.682 9357
4335.684 9363
4335.686 9368
4335.688 9373
4335.69 9378
4335.692 9382
4335.694 9386
4335.696 9390
4335.698 9392
4335.7 9394
4335.702 9395
4335.704 9396
4335.706 9397
4335.708 9398
4335.71 9398
4335.712 9397
4335.714 9397
4335.716 9396
4335.718 9395
4335.72 9393
4335.722 9390
4335.724 9387
4335.726 9384
4335.728 9379
4335.73 9373
4335.732 9367
4335.734 9360
4335.736 9351
4335.738 9343
4335.74 9333
4335.742 9323
4335.744 9311
4335.746 9298
4335.748 9283
4335.75 9267
4335.752 9250
4335.754 9231
4335.756 9213
4335.758 9195
4335.76 9176
4335.762 9158
4335.764 9142
4335.766 9126
4335.768 9111
4335.77 9097
4335.772 9084
4335.774 9071
4335.776 9060
4335.778 9048
4335.78 9036
4335.782 9025
4335.784 9014
4335.786 9008
4335.788 9004
4335.79 9002
4335.792 9002
4335.794 9003
4335.796 9006
4335.798 9012
4335.8 9021
4335.802 9030
4335.804 9038
4335.806 9047
4335.808 9056
4335.81 9066
4335.812 9075
4335.814 9085
4335.816 9095
4335.818 9106
4335.82 9116
4335.822 9126
4335.824 9137
4335.826 9146
4335.828 9157
4335.83 9167
4335.832 9177
4335.834 9186
4335.836 9195
4335.838 9204
4335.84 9211
4335.842 9217
4335.844 9222
4335.846 9226
4335.848 9229
4335.85 9232
4335.852 9233
4335.854 9233
4335.856 9231
4335.858 9228
4335.86 9223
4335.862 9218
4335.864 9214
4335.866 9206
4335.868 9192
4335.87 9176
4335.872 9161
4335.874 9147
4335.876 9133
4335.878 9113
4335.88 9088
4335.882 9063
4335.884 9038
4335.886 9014
4335.888 8991
4335.89 8968
4335.892 8945
4335.894 8922
4335.896 8900
4335.898 8876
4335.9 8850
4335.902 8825
4335.904 8804
4335.906 8783
4335.908 8767
4335.91 8756
4335.912 8751
4335.914 8749
4335.916 8749
4335.918 8749
4335.92 8752
4335.922 8757
4335.924 8762
4335.926 8769
4335.928 8778
4335.93 8789
4335.932 8802
4335.934 8817
4335.936 8831
4335.938 8845
4335.94 8859
4335.942 8872
4335.944 8884
4335.946 8896
4335.948 8907
4335.95 8918
4335.952 8926
4335.954 8935
4335.956 8943
4335.958 8952
4335.96 8960
4335.962 8968
4335.964 8975
4335.966 8982
4335.968 8988
4335.97 8994
4335.972 9000
4335.974 9006
4335.976 9012
4335.978 9017
4335.98 9022
4335.982 9027
4335.984 9032
4335.986 9037
4335.988 9042
4335.99 9046
4335.992 9051
4335.994 9056
4335.996 9061
4335.998 9067
4336 9073
4336.002 9079
4336.004 9086
4336.006 9093
4336.008 9100
4336.01 9107
4336.012 9114
4336.014 9121
4336.016 9129
4336.018 9137
4336.02 9145
4336.022 9154
4336.024 9163
4336.026 9173
4336.028 9183
4336.03 9192
4336.032 9202
4336.034 9212
4336.036 9222
4336.038 9232
4336.04 9242
4336.042 9252
4336.044 9262
4336.046 9271
4336.048 9280
4336.05 9288
4336.052 9295
4336.054 9302
4336.056 9309
4336.058 9316
4336.06 9322
4336.062 9329
4336.064 9334
4336.066 9338
4336.068 9342
4336.07 9346
4336.072 9349
4336.074 9352
4336.076 9355
4336.078 9358
4336.08 9360
4336.082 9362
4336.084 9365
4336.086 9366
4336.088 9367
4336.09 9368
4336.092 9370
4336.094 9371
4336.096 9372
4336.098 9373
4336.1 9373
4336.102 9374
4336.104 9375
4336.106 9374
4336.108 9372
4336.11 9371
4336.112 9371
4336.114 9369
4336.116 9367
4336.118 9366
4336.12 9365
4336.122 9363
4336.124 9363
4336.126 9362
4336.128 9360
4336.13 9360
4336.132 9360
4336.134 9360
4336.136 9360
4336.138 9360
4336.14 9361
4336.142 9362
4336.144 9363
4336.146 9363
4336.148 9364
4336.15 9364
4336.152 9364
4336.154 9365
4336.156 9365
4336.158 9365
4336.16 9366
4336.162 9366
4336.164 9366
4336.166 9366
4336.168 9365
4336.17 9365
4336.172 9366
4336.174 9366
4336.176 9365
4336.178 9365
4336.18 9365
4336.182 9363
4336.184 9360
4336.186 9358
4336.188 9355
4336.19 9350
4336.192 9346
4336.194 9341
4336.196 9335
4336.198 9329
4336.2 9322
4336.202 9314
4336.204 9304
4336.206 9294
4336.208 9283
4336.21 9271
4336.212 9257
4336.214 9244
4336.216 9230
4336.218 9214
4336.22 9197
4336.222 9178
4336.224 9159
4336.226 9140
4336.228 9121
4336.23 9105
4336.232 9090
4336.234 9075
4336.236 9062
4336.238 9050
4336.24 9041
4336.242 9033
4336.244 9026
4336.246 9020
4336.248 9016
4336.25 9015
4336.252 9014
4336.254 9014
4336.256 9015
4336.258 9017
4336.26 9020
4336.262 9023
4336.264 9027
4336.266 9031
4336.268 9035
4336.27 9040
4336.272 9046
4336.274 9051
4336.276 9057
4336.278 9064
4336.28 9070
4336.282 9076
4336.284 9082
4336.286 9089
4336.288 9096
4336.29 9103
4336.292 9109
4336.294 9115
4336.296 9121
4336.298 9127
4336.3 9131
4336.302 9135
4336.304 9139
4336.306 9143
4336.308 9146
4336.31 9150
4336.312 9153
4336.314 9156
4336.316 9159
4336.318 9161
4336.32 9163
4336.322 9166
4336.324 9169
4336.326 9173
4336.328 9176
4336.33 9180
4336.332 9183
4336.334 9187
4336.336 9191
4336.338 9194
4336.34 9198
4336.342 9202
4336.344 9206
4336.346 9210
4336.348 9214
4336.35 9218
4336.352 9223
4336.354 9226
4336.356 9229
4336.358 9233
4336.36 9235
4336.362 9238
4336.364 9240
4336.366 9242
4336.368 9243
4336.37 9245
4336.372 9247
4336.374 9248
4336.376 9248
4336.378 9249
4336.38 9249
4336.382 9251
4336.384 9251
4336.386 9250
4336.388 9250
4336.39 9249
4336.392 9246
4336.394 9243
4336.396 9240
4336.398 9237
4336.4 9234
4336.402 9230
4336.404 9226
4336.406 9222
4336.408 9217
4336.41 9213
4336.412 9209
4336.414 9204
4336.416 9200
4336.418 9197
4336.42 9193
4336.422 9191
4336.424 9189
4336.426 9188
4336.428 9187
4336.43 9187
4336.432 9188
4336.434 9188
4336.436 9189
4336.438 9189
4336.44 9191
4336.442 9193
4336.444 9195
4336.446 9197
4336.448 9197
4336.45 9199
4336.452 9200
4336.454 9200
4336.456 9200
4336.458 9201
4336.46 9201
4336.462 9201
4336.464 9201
4336.466 9201
4336.468 9201
4336.47 9200
4336.472 9200
4336.474 9200
4336.476 9199
4336.478 9199
4336.48 9198
4336.482 9197
4336.484 9197
4336.486 9196
4336.488 9195
4336.49 9195
4336.492 9194
4336.494 9193
4336.496 9192
4336.498 9191
4336.5 9190
4336.502 9190
4336.504 9189
4336.506 9189
4336.508 9188
4336.51 9188
4336.512 9188
4336.514 9188
4336.516 9187
4336.518 9187
4336.52 9187
4336.522 9186
4336.524 9186
4336.526 9185
4336.528 9185
4336.53 9184
4336.532 9183
4336.534 9182
4336.536 9180
4336.538 9178
4336.54 9177
4336.542 9174
4336.544 9172
4336.546 9170
4336.548 9167
4336.55 9164
4336.552 9161
4336.554 9158
4336.556 9154
4336.558 9149
4336.56 9144
4336.562 9138
4336.564 9132
4336.566 9125
4336.568 9119
4336.57 9111
4336.572 9103
4336.574 9095
4336.576 9086
4336.578 9078
4336.58 9070
4336.582 9062
4336.584 9054
4336.586 9046
4336.588 9038
4336.59 9030
4336.592 9023
4336.594 9016
4336.596 9011
4336.598 9006
4336.6 9002
4336.602 8998
4336.604 8995
4336.606 8993
4336.608 8992
4336.61 8991
4336.612 8991
4336.614 8992
4336.616 8992
4336.618 8992
4336.62 8994
4336.622 8996
4336.624 8999
4336.626 9002
4336.628 9005
4336.63 9009
4336.632 9012
4336.634 9015
4336.636 9018
4336.638 9021
4336.64 9023
4336.642 9025
4336.644 9027
4336.646 9028
4336.648 9030
4336.65 9031
4336.652 9031
4336.654 9032
4336.656 9032
4336.658 9033
4336.66 9033
4336.662 9034
4336.664 9033
4336.666 9033
4336.668 9032
4336.67 9031
4336.672 9029
4336.674 9026
4336.676 9023
4336.678 9020
4336.68 9017
4336.682 9012
4336.684 9007
4336.686 9002
4336.688 8995
4336.69 8990
4336.692 8983
4336.694 8976
4336.696 8969
4336.698 8959
4336.7 8949
4336.702 8939
4336.704 8928
4336.706 8915
4336.708 8899
4336.71 8884
4336.712 8870
4336.714 8853
4336.716 8831
4336.718 8806
4336.72 8780
4336.722 8752
4336.724 8724
4336.726 8695
4336.728 8664
4336.73 8632
4336.732 8600
4336.734 8568
4336.736 8536
4336.738 8503
4336.74 8471
4336.742 8439
4336.744 8405
4336.746 8372
4336.748 8338
4336.75 8304
4336.752 8271
4336.754 8240
4336.756 8210
4336.758 8181
4336.76 8153
4336.762 8127
4336.764 8103
4336.766 8082
4336.768 8065
4336.77 8052
4336.772 8039
4336.774 8026
4336.776 8014
4336.778 8005
4336.78 7996
4336.782 7990
4336.784 7984
4336.786 7980
4336.788 7977
4336.79 7974
4336.792 7974
4336.794 7973
4336.796 7972
4336.798 7973
4336.8 7972
4336.802 7971
4336.804 7969
4336.806 7965
4336.808 7961
4336.81 7955
4336.812 7946
4336.814 7936
4336.816 7923
4336.818 7910
4336.82 7894
4336.822 7874
4336.824 7848
4336.826 7820
4336.828 7787
4336.83 7749
4336.832 7706
4336.834 7664
4336.836 7620
4336.838 7576
4336.84 7531
4336.842 7485
4336.844 7440
4336.846 7393
4336.848 7347
4336.85 7304
4336.852 7264
4336.854 7231
4336.856 7211
4336.858 7201
4336.86 7199
4336.862 7199
4336.864 7205
4336.866 7219
4336.868 7244
4336.87 7287
4336.872 7334
4336.874 7378
4336.876 7419
4336.878 7458
4336.88 7499
4336.882 7538
4336.884 7576
4336.886 7612
4336.888 7642
4336.89 7663
4336.892 7681
4336.894 7696
4336.896 7713
4336.898 7726
4336.9 7736
4336.902 7742
4336.904 7745
4336.906 7744
4336.908 7740
4336.91 7731
4336.912 7719
4336.914 7705
4336.916 7692
4336.918 7674
4336.92 7649
4336.922 7622
4336.924 7591
4336.926 7555
4336.928 7514
4336.93 7470
4336.932 7424
4336.934 7377
4336.936 7326
4336.938 7269
4336.94 7202
4336.942 7129
4336.944 7053
4336.946 6975
4336.948 6896
4336.95 6816
4336.952 6732
4336.954 6644
4336.956 6548
4336.958 6443
4336.96 6329
4336.962 6207
4336.964 6079
4336.966 5947
4336.968 5813
4336.97 5676
4336.972 5530
4336.974 5384
4336.976 5235
4336.978 5073
4336.98 4904
4336.982 4736
4336.984 4567
4336.986 4392
4336.988 4216
4336.99 4036
4336.992 3858
4336.994 3679
4336.996 3491
4336.998 3303
4337 3113
4337.002 2923
4337.004 2740
4337.006 2570
4337.008 2404
4337.01 2247
4337.012 2096
4337.014 1951
4337.016 1820
4337.018 1698
4337.02 1585
4337.022 1483
4337.024 1393
4337.026 1315
4337.028 1250
4337.03 1194
4337.032 1144
4337.034 1101
4337.036 1063
4337.038 1031
4337.04 1002
4337.042 979
4337.044 961
4337.046 947
4337.048 937
4337.05 930
4337.052 928
4337.054 930
4337.056 937
4337.058 948
4337.06 965
4337.062 987
4337.064 1016
4337.066 1051
4337.068 1092
4337.07 1141
4337.072 1208
4337.074 1290
4337.076 1386
4337.078 1492
4337.08 1610
4337.082 1743
4337.084 1905
4337.086 2088
4337.088 2280
4337.09 2476
4337.092 2685
4337.094 2902
4337.096 3131
4337.098 3364
4337.1 3592
4337.102 3820
4337.104 4036
4337.106 4244
4337.108 4446
4337.11 4632
4337.112 4812
4337.114 4981
4337.116 5140
4337.118 5290
4337.12 5431
4337.122 5564
4337.124 5693
4337.126 5818
4337.128 5940
4337.13 6055
4337.132 6163
4337.134 6264
4337.136 6361
4337.138 6451
4337.14 6535
4337.142 6614
4337.144 6686
4337.146 6754
4337.148 6820
4337.15 6886
4337.152 6952
4337.154 7013
4337.156 7065
4337.158 7109
4337.16 7152
4337.162 7191
4337.164 7225
4337.166 7252
4337.168 7278
4337.17 7299
4337.172 7313
4337.174 7322
4337.176 7323
4337.178 7318
4337.18 7308
4337.182 7290
4337.184 7268
4337.186 7244
4337.188 7208
4337.19 7162
4337.192 7105
4337.194 7036
4337.196 6957
4337.198 6865
4337.2 6763
4337.202 6650
4337.204 6530
4337.206 6405
4337.208 6274
4337.21 6137
4337.212 5997
4337.214 5854
4337.216 5713
4337.218 5574
4337.22 5442
4337.222 5316
4337.224 5198
4337.226 5086
4337.228 4981
4337.23 4884
4337.232 4796
4337.234 4720
4337.236 4659
4337.238 4606
4337.24 4565
4337.242 4537
4337.244 4526
4337.246 4529
4337.248 4548
4337.25 4579
4337.252 4622
4337.254 4674
4337.256 4737
4337.258 4813
4337.26 4896
4337.262 4988
4337.264 5092
4337.266 5201
4337.268 5318
4337.27 5441
4337.272 5570
4337.274 5702
4337.276 5836
4337.278 5970
4337.28 6105
4337.282 6238
4337.284 6366
4337.286 6492
4337.288 6615
4337.29 6739
4337.292 6864
4337.294 6984
4337.296 7099
4337.298 7204
4337.3 7300
4337.302 7390
4337.304 7475
4337.306 7555
4337.308 7629
4337.31 7695
4337.312 7753
4337.314 7810
4337.316 7864
4337.318 7916
4337.32 7963
4337.322 8003
4337.324 8037
4337.326 8062
4337.328 8079
4337.33 8086
4337.332 8097
4337.334 8107
4337.336 8108
4337.338 8105
4337.34 8095
4337.342 8084
4337.344 8073
4337.346 8060
4337.348 8038
4337.35 8013
4337.352 7987
4337.354 7958
4337.356 7929
4337.358 7900
4337.36 7867
4337.362 7831
4337.364 7793
4337.366 7752
4337.368 7710
4337.37 7668
4337.372 7622
4337.374 7580
4337.376 7541
4337.378 7506
4337.38 7473
4337.382 7444
4337.384 7417
4337.386 7393
4337.388 7370
4337.39 7355
4337.392 7338
4337.394 7319
4337.396 7306
4337.398 7302
4337.4 7296
4337.402 7290
4337.404 7286
4337.406 7285
4337.408 7285
4337.41 7286
4337.412 7288
4337.414 7291
4337.416 7295
4337.418 7301
4337.42 7307
4337.422 7314
4337.424 7321
4337.426 7328
4337.428 7336
4337.43 7344
4337.432 7353
4337.434 7359
4337.436 7365
4337.438 7371
4337.44 7376
4337.442 7380
4337.444 7383
4337.446 7385
4337.448 7384
4337.45 7383
4337.452 7380
4337.454 7375
4337.456 7369
4337.458 7362
4337.46 7351
4337.462 7337
4337.464 7321
4337.466 7312
4337.468 7295
4337.47 7270
4337.472 7245
4337.474 7212
4337.476 7169
4337.478 7120
4337.48 7065
4337.482 6995
4337.484 6909
4337.486 6813
4337.488 6712
4337.49 6607
4337.492 6496
4337.494 6372
4337.496 6235
4337.498 6089
4337.5 5941
4337.502 5787
4337.504 5609
4337.506 5425
4337.508 5230
4337.51 5019
4337.512 4808
4337.514 4594
4337.516 4388
4337.518 4172
4337.52 3955
4337.522 3737
4337.524 3527
4337.526 3316
4337.528 3113
4337.53 2917
4337.532 2747
4337.534 2579
4337.536 2411
4337.538 2243
4337.54 2101
4337.542 1973
4337.544 1861
4337.546 1760
4337.548 1668
4337.55 1585
4337.552 1516
4337.554 1460
4337.556 1415
4337.558 1381
4337.56 1357
4337.562 1344
4337.564 1342
4337.566 1352
4337.568 1373
4337.57 1409
4337.572 1455
4337.574 1514
4337.576 1599
4337.578 1710
4337.58 1838
4337.582 1984
4337.584 2152
4337.586 2342
4337.588 2551
4337.59 2785
4337.592 3024
4337.594 3277
4337.596 3536
4337.598 3806
4337.6 4069
4337.602 4332
4337.604 4592
4337.606 4850
4337.608 5088
4337.61 5302
4337.612 5515
4337.614 5734
4337.616 5946
4337.618 6121
4337.62 6287
4337.622 6436
4337.624 6569
4337.626 6699
4337.628 6821
4337.63 6936
4337.632 7042
4337.634 7142
4337.636 7241
4337.638 7339
4337.64 7434
4337.642 7522
4337.644 7599
4337.646 7669
4337.648 7729
4337.65 7784
4337.652 7839
4337.654 7888
4337.656 7935
4337.658 7979
4337.66 8018
4337.662 8052
4337.664 8085
4337.666 8116
4337.668 8144
4337.67 8170
4337.672 8195
4337.674 8218
4337.676 8237
4337.678 8254
4337.68 8268
4337.682 8284
4337.684 8299
4337.686 8311
4337.688 8320
4337.69 8327
4337.692 8334
4337.694 8339
4337.696 8344
4337.698 8347
4337.7 8348
4337.702 8350
4337.704 8349
4337.706 8349
4337.708 8347
4337.71 8343
4337.712 8339
4337.714 8332
4337.716 8325
4337.718 8317
4337.72 8307
4337.722 8294
4337.724 8281
4337.726 8268
4337.728 8255
4337.73 8238
4337.732 8215
4337.734 8189
4337.736 8162
4337.738 8134
4337.74 8100
4337.742 8062
4337.744 8020
4337.746 7971
4337.748 7919
4337.75 7860
4337.752 7794
4337.754 7728
4337.756 7662
4337.758 7597
4337.76 7533
4337.762 7478
4337.764 7426
4337.766 7378
4337.768 7332
4337.77 7287
4337.772 7235
4337.774 7202
4337.776 7185
4337.778 7185
4337.78 7185
4337.782 7196
4337.784 7224
4337.786 7251
4337.788 7288
4337.79 7328
4337.792 7368
4337.794 7407
4337.796 7446
4337.798 7484
4337.8 7521
4337.802 7556
4337.804 7589
4337.806 7618
4337.808 7642
4337.81 7662
4337.812 7676
4337.814 7685
4337.816 7691
4337.818 7691
4337.82 7684
4337.822 7671
4337.824 7650
4337.826 7622
4337.828 7585
4337.83 7543
4337.832 7494
4337.834 7434
4337.836 7362
4337.838 7279
4337.84 7186
4337.842 7083
4337.844 6970
4337.846 6846
4337.848 6710
4337.85 6561
4337.852 6394
4337.854 6232
4337.856 6041
4337.858 5858
4337.86 5663
4337.862 5450
4337.864 5218
4337.866 4999
4337.868 4777
4337.87 4545
4337.872 4306
4337.874 4060
4337.876 3812
4337.878 3577
4337.88 3342
4337.882 3105
4337.884 2875
4337.886 2665
4337.888 2471
4337.89 2291
4337.892 2119
4337.894 1974
4337.896 1843
4337.898 1725
4337.9 1621
4337.902 1529
4337.904 1447
4337.906 1382
4337.908 1326
4337.91 1280
4337.912 1242
4337.914 1211
4337.916 1188
4337.918 1172
4337.92 1162
4337.922 1158
4337.924 1163
4337.926 1175
4337.928 1193
4337.93 1219
4337.932 1253
4337.934 1297
4337.936 1346
4337.938 1405
4337.94 1486
4337.942 1590
4337.944 1712
4337.946 1843
4337.948 1993
4337.95 2178
4337.952 2394
4337.954 2622
4337.956 2851
4337.958 3082
4337.96 3325
4337.962 3590
4337.964 3860
4337.966 4131
4337.968 4402
4337.97 4651
4337.972 4891
4337.974 5109
4337.976 5311
4337.978 5518
4337.98 5726
4337.982 5895
4337.984 6054
4337.986 6202
4337.988 6337
4337.99 6467
4337.992 6590
4337.994 6708
4337.996 6819
4337.998 6921
4338 7019
4338.002 7112
4338.004 7194
4338.006 7266
4338.008 7327
4338.01 7389
4338.012 7448
4338.014 7501
4338.016 7546
4338.018 7588
4338.02 7628
4338.022 7667
4338.024 7704
4338.026 7738
4338.028 7770
4338.03 7798
4338.032 7826
4338.034 7852
4338.036 7876
4338.038 7896
4338.04 7916
4338.042 7934
4338.044 7949
4338.046 7963
4338.048 7977
4338.05 7990
4338.052 8002
4338.054 8013
4338.056 8024
4338.058 8037
4338.06 8048
4338.062 8055
4338.064 8062
4338.066 8067
4338.068 8071
4338.07 8072
4338.072 8071
4338.074 8070
4338.076 8065
4338.078 8059
4338.08 8052
4338.082 8044
4338.084 8033
4338.086 8021
4338.088 8007
4338.09 7993
4338.092 7979
4338.094 7964
4338.096 7946
4338.098 7927
4338.1 7909
4338.102 7888
4338.104 7864
4338.106 7838
4338.108 7813
4338.11 7784
4338.112 7753
4338.114 7718
4338.116 7685
4338.118 7651
4338.12 7619
4338.122 7588
4338.124 7557
4338.126 7527
4338.128 7499
4338.13 7471
4338.132 7445
4338.134 7421
4338.136 7396
4338.138 7372
4338.14 7349
4338.142 7328
4338.144 7310
4338.146 7293
4338.148 7282
4338.15 7277
4338.152 7268
4338.154 7263
4338.156 7260
4338.158 7259
4338.16 7260
4338.162 7262
4338.164 7266
4338.166 7271
4338.168 7276
4338.17 7283
4338.172 7290
4338.174 7296
4338.176 7302
4338.178 7306
4338.18 7310
4338.182 7315
4338.184 7317
4338.186 7317
4338.188 7315
4338.19 7312
4338.192 7305
4338.194 7294
4338.196 7274
4338.198 7244
4338.2 7206
4338.202 7157
4338.204 7098
4338.206 7023
4338.208 6932
4338.21 6824
4338.212 6707
4338.214 6584
4338.216 6459
4338.218 6330
4338.22 6160
4338.222 5979
4338.224 5784
4338.226 5575
4338.228 5367
4338.23 5155
4338.232 4943
4338.234 4727
4338.236 4506
4338.238 4300
4338.24 4086
4338.242 3879
4338.244 3683
4338.246 3497
4338.248 3331
4338.25 3181
4338.252 3045
4338.254 2922
4338.256 2814
4338.258 2729
4338.26 2662
4338.262 2616
4338.264 2591
4338.266 2588
4338.268 2611
4338.27 2658
4338.272 2728
4338.274 2822
4338.276 2937
4338.278 3067
4338.28 3210
4338.282 3372
4338.284 3557
4338.286 3762
4338.288 3966
4338.29 4174
4338.292 4378
4338.294 4570
4338.296 4764
4338.298 4940
4338.3 5118
4338.302 5297
4338.304 5469
4338.306 5620
4338.308 5758
4338.31 5891
4338.312 6014
4338.314 6128
4338.316 6233
4338.318 6333
4338.32 6431
4338.322 6524
4338.324 6612
4338.326 6691
4338.328 6759
4338.33 6822
4338.332 6880
4338.334 6936
4338.336 6992
4338.338 7046
4338.34 7097
4338.342 7146
4338.344 7191
4338.346 7229
4338.348 7264
4338.35 7295
4338.352 7324
4338.354 7350
4338.356 7368
4338.358 7383
4338.36 7394
4338.362 7400
4338.364 7403
4338.366 7402
4338.368 7397
4338.37 7389
4338.372 7376
4338.374 7358
4338.376 7335
4338.378 7309
4338.38 7278
4338.382 7245
4338.384 7210
4338.386 7174
4338.388 7137
4338.39 7099
4338.392 7061
4338.394 7024
4338.396 6988
4338.398 6953
4338.4 6922
4338.402 6894
4338.404 6873
4338.406 6855
4338.408 6838
4338.41 6824
4338.412 6807
4338.414 6792
4338.416 6783
4338.418 6773
4338.42 6765
4338.422 6756
4338.424 6750
4338.426 6742
4338.428 6738
4338.43 6736
4338.432 6734
4338.434 6732
4338.436 6731
4338.438 6730
4338.44 6729
4338.442 6729
4338.444 6730
4338.446 6731
4338.448 6732
4338.45 6734
4338.452 6736
4338.454 6738
4338.456 6741
4338.458 6744
4338.46 6748
4338.462 6752
4338.464 6758
4338.466 6764
4338.468 6771
4338.47 6779
4338.472 6789
4338.474 6801
4338.476 6814
4338.478 6829
4338.48 6848
4338.482 6863
4338.484 6881
4338.486 6903
4338.488 6927
4338.49 6957
4338.492 6989
4338.494 7023
4338.496 7056
4338.498 7089
4338.5 7121
4338.502 7152
4338.504 7183
4338.506 7214
4338.508 7244
4338.51 7275
4338.512 7306
4338.514 7339
4338.516 7371
4338.518 7407
4338.52 7441
4338.522 7472
4338.524 7500
4338.526 7522
4338.528 7544
4338.53 7560
4338.532 7571
4338.534 7579
4338.536 7583
4338.538 7589
4338.54 7590
4338.542 7589
4338.544 7585
4338.546 7578
4338.548 7571
4338.55 7559
4338.552 7547
4338.554 7534
4338.556 7517
4338.558 7495
4338.56 7464
4338.562 7432
4338.564 7397
4338.566 7360
4338.568 7317
4338.57 7271
4338.572 7223
4338.574 7174
4338.576 7125
4338.578 7076
4338.58 7026
4338.582 6975
4338.584 6924
4338.586 6873
4338.588 6823
4338.59 6774
4338.592 6725
4338.594 6677
4338.596 6631
4338.598 6585
4338.6 6540
4338.602 6498
4338.604 6460
4338.606 6427
4338.608 6395
4338.61 6365
4338.612 6340
4338.614 6321
4338.616 6305
4338.618 6294
4338.62 6281
4338.622 6266
4338.624 6253
4338.626 6252
4338.628 6248
4338.63 6243
4338.632 6240
4338.634 6239
4338.636 6237
4338.638 6236
4338.64 6235
4338.642 6233
4338.644 6231
4338.646 6227
4338.648 6225
4338.65 6223
4338.652 6215
4338.654 6205
4338.656 6190
4338.658 6177
4338.66 6160
4338.662 6138
4338.664 6111
4338.666 6079
4338.668 6046
4338.67 6011
4338.672 5971
4338.674 5929
4338.676 5888
4338.678 5845
4338.68 5805
4338.682 5766
4338.684 5726
4338.686 5686
4338.688 5650
4338.69 5621
4338.692 5600
4338.694 5587
4338.696 5585
4338.698 5589
4338.7 5601
4338.702 5625
4338.704 5663
4338.706 5710
4338.708 5762
4338.71 5817
4338.712 5875
4338.714 5936
4338.716 5996
4338.718 6056
4338.72 6119
4338.722 6184
4338.724 6247
4338.726 6303
4338.728 6359
4338.73 6411
4338.732 6458
4338.734 6492
4338.736 6520
4338.738 6535
4338.74 6544
4338.742 6549
4338.744 6550
4338.746 6547
4338.748 6537
4338.75 6525
4338.752 6512
4338.754 6497
4338.756 6477
4338.758 6452
4338.76 6423
4338.762 6396
4338.764 6372
4338.766 6352
4338.768 6335
4338.77 6320
4338.772 6308
4338.774 6300
4338.776 6295
4338.778 6293
4338.78 6296
4338.782 6304
4338.784 6311
4338.786 6318
4338.788 6325
4338.79 6332
4338.792 6339
4338.794 6344
4338.796 6349
4338.798 6352
4338.8 6354
4338.802 6356
4338.804 6355
4338.806 6352
4338.808 6349
4338.81 6344
4338.812 6336
4338.814 6328
4338.816 6318
4338.818 6306
4338.82 6293
4338.822 6281
4338.824 6269
4338.826 6261
4338.828 6253
4338.83 6246
4338.832 6240
4338.834 6237
4338.836 6235
4338.838 6235
4338.84 6238
4338.842 6242
4338.844 6250
4338.846 6258
4338.848 6267
4338.85 6282
4338.852 6296
4338.854 6313
4338.856 6334
4338.858 6360
4338.86 6394
4338.862 6430
4338.864 6468
4338.866 6509
4338.868 6554
4338.87 6601
4338.872 6652
4338.874 6703
4338.876 6754
4338.878 6801
4338.88 6850
4338.882 6898
4338.884 6944
4338.886 6989
4338.888 7034
4338.89 7080
4338.892 7125
4338.894 7169
4338.896 7211
4338.898 7248
4338.9 7281
4338.902 7310
4338.904 7336
4338.906 7363
4338.908 7385
4338.91 7405
4338.912 7422
4338.914 7435
4338.916 7449
4338.918 7463
4338.92 7479
4338.922 7493
4338.924 7502
4338.926 7512
4338.928 7518
4338.93 7524
4338.932 7529
4338.934 7533
4338.936 7535
4338.938 7534
4338.94 7532
4338.942 7529
4338.944 7523
4338.946 7516
4338.948 7508
4338.95 7498
4338.952 7485
4338.954 7471
4338.956 7458
4338.958 7443
4338.96 7428
4338.962 7411
4338.964 7395
4338.966 7377
4338.968 7359
4338.97 7342
4338.972 7325
4338.974 7307
4338.976 7289
4338.978 7271
4338.98 7255
4338.982 7239
4338.984 7224
4338.986 7209
4338.988 7196
4338.99 7184
4338.992 7173
4338.994 7162
4338.996 7151
4338.998 7137
4339 7129
4339.002 7121
4339.004 7114
4339.006 7108
4339.008 7102
4339.01 7098
4339.012 7094
4339.014 7091
4339.016 7088
4339.018 7085
4339.02 7083
4339.022 7081
4339.024 7079
4339.026 7078
4339.028 7077
4339.03 7076
4339.032 7074
4339.034 7072
4339.036 7070
4339.038 7067
4339.04 7063
4339.042 7059
4339.044 7052
4339.046 7045
4339.048 7036
4339.05 7026
4339.052 7015
4339.054 7001
4339.056 6989
4339.058 6974
4339.06 6956
4339.062 6932
4339.064 6907
4339.066 6879
4339.068 6847
4339.07 6810
4339.072 6770
4339.074 6725
4339.076 6677
4339.078 6624
4339.08 6568
4339.082 6504
4339.084 6438
4339.086 6376
4339.088 6316
4339.09 6256
4339.092 6197
4339.094 6139
4339.096 6080
4339.098 6021
4339.1 5963
4339.102 5912
4339.104 5875
4339.106 5847
4339.108 5823
4339.11 5801
4339.112 5786
4339.114 5783
4339.116 5793
4339.118 5812
4339.12 5837
4339.122 5867
4339.124 5906
4339.126 5952
4339.128 6002
4339.13 6054
4339.132 6106
4339.134 6160
4339.136 6214
4339.138 6266
4339.14 6317
4339.142 6368
4339.144 6419
4339.146 6467
4339.148 6513
4339.15 6558
4339.152 6601
4339.154 6641
4339.156 6678
4339.158 6713
4339.16 6743
4339.162 6768
4339.164 6789
4339.166 6806
4339.168 6818
4339.17 6827
4339.172 6833
4339.174 6836
4339.176 6838
4339.178 6836
4339.18 6831
4339.182 6824
4339.184 6813
4339.186 6801
4339.188 6787
4339.19 6769
4339.192 6747
4339.194 6722
4339.196 6693
4339.198 6660
4339.2 6625
4339.202 6588
4339.204 6548
4339.206 6507
4339.208 6464
4339.21 6421
4339.212 6377
4339.214 6330
4339.216 6282
4339.218 6231
4339.22 6180
4339.222 6127
4339.224 6074
4339.226 6021
4339.228 5969
4339.23 5916
4339.232 5868
4339.234 5825
4339.236 5786
4339.238 5754
4339.24 5727
4339.242 5705
4339.244 5686
4339.246 5669
4339.248 5656
4339.25 5646
4339.252 5635
4339.254 5633
4339.256 5636
4339.258 5639
4339.26 5643
4339.262 5655
4339.264 5674
4339.266 5697
4339.268 5722
4339.27 5748
4339.272 5777
4339.274 5811
4339.276 5848
4339.278 5887
4339.28 5927
4339.282 5970
4339.284 6015
4339.286 6060
4339.288 6104
4339.29 6143
4339.292 6180
4339.294 6216
4339.296 6249
4339.298 6281
4339.3 6313
4339.302 6344
4339.304 6374
4339.306 6402
4339.308 6430
4339.31 6456
4339.312 6480
4339.314 6502
4339.316 6523
4339.318 6543
4339.32 6561
4339.322 6579
4339.324 6596
4339.326 6610
4339.328 6623
4339.33 6635
4339.332 6646
4339.334 6657
4339.336 6668
4339.338 6679
4339.34 6687
4339.342 6691
4339.344 6691
4339.346 6689
4339.348 6682
4339.35 6674
4339.352 6665
4339.354 6654
4339.356 6643
4339.358 6632
4339.36 6617
4339.362 6597
4339.364 6572
4339.366 6540
4339.368 6501
4339.37 6455
4339.372 6405
4339.374 6349
4339.376 6283
4339.378 6209
4339.38 6127
4339.382 6036
4339.384 5936
4339.386 5824
4339.388 5702
4339.39 5571
4339.392 5435
4339.394 5283
4339.396 5108
4339.398 4929
4339.4 4750
4339.402 4560
4339.404 4354
4339.406 4147
4339.408 3947
4339.41 3743
4339.412 3526
4339.414 3312
4339.416 3106
4339.418 2906
4339.42 2714
4339.422 2529
4339.424 2349
4339.426 2180
4339.428 2031
4339.43 1898
4339.432 1776
4339.434 1663
4339.436 1561
4339.438 1473
4339.44 1402
4339.442 1346
4339.444 1299
4339.446 1259
4339.448 1227
4339.45 1203
4339.452 1188
4339.454 1183
4339.456 1186
4339.458 1198
4339.46 1220
4339.462 1252
4339.464 1292
4339.466 1342
4339.468 1408
4339.47 1492
4339.472 1593
4339.474 1709
4339.476 1841
4339.478 1988
4339.48 2160
4339.482 2347
4339.484 2535
4339.486 2732
4339.488 2937
4339.49 3133
4339.492 3323
4339.494 3522
4339.496 3719
4339.498 3905
4339.5 4083
4339.502 4249
4339.504 4404
4339.506 4552
4339.508 4689
4339.51 4812
4339.512 4926
4339.514 5028
4339.516 5119
4339.518 5200
4339.52 5277
4339.522 5350
4339.524 5418
4339.526 5483
4339.528 5545
4339.53 5600
4339.532 5648
4339.534 5693
4339.536 5736
4339.538 5776
4339.54 5812
4339.542 5845
4339.544 5876
4339.546 5905
4339.548 5932
4339.55 5959
4339.552 5984
4339.554 6008
4339.556 6032
4339.558 6055
4339.56 6076
4339.562 6094
4339.564 6108
4339.566 6123
4339.568 6137
4339.57 6148
4339.572 6158
4339.574 6166
4339.576 6173
4339.578 6177
4339.58 6178
4339.582 6179
4339.584 6176
4339.586 6174
4339.588 6170
4339.59 6158
4339.592 6146
4339.594 6135
4339.596 6123
4339.598 6107
4339.6 6091
4339.602 6074
4339.604 6057
4339.606 6040
4339.608 6022
4339.61 6004
4339.612 5984
4339.614 5965
4339.616 5945
4339.618 5926
4339.62 5908
4339.622 5889
4339.624 5871
4339.626 5853
4339.628 5836
4339.63 5818
4339.632 5801
4339.634 5783
4339.636 5766
4339.638 5747
4339.64 5727
4339.642 5703
4339.644 5677
4339.646 5652
4339.648 5621
4339.65 5580
4339.652 5533
4339.654 5477
4339.656 5410
4339.658 5330
4339.66 5240
4339.662 5144
4339.664 5041
4339.666 4929
4339.668 4802
4339.67 4663
4339.672 4516
4339.674 4350
4339.676 4169
4339.678 3991
4339.68 3817
4339.682 3638
4339.684 3462
4339.686 3288
4339.688 3109
4339.69 2931
4339.692 2765
4339.694 2608
4339.696 2454
4339.698 2312
4339.7 2187
4339.702 2074
4339.704 1973
4339.706 1886
4339.708 1814
4339.71 1757
4339.712 1713
4339.714 1678
4339.716 1655
4339.718 1648
4339.72 1655
4339.722 1677
4339.724 1713
4339.726 1762
4339.728 1828
4339.73 1913
4339.732 2014
4339.734 2128
4339.736 2258
4339.738 2406
4339.74 2569
4339.742 2736
4339.744 2908
4339.746 3085
4339.748 3260
4339.75 3433
4339.752 3604
4339.754 3776
4339.756 3943
4339.758 4096
4339.76 4236
4339.762 4365
4339.764 4485
4339.766 4596
4339.768 4699
4339.77 4795
4339.772 4882
4339.774 4961
4339.776 5031
4339.778 5091
4339.78 5145
4339.782 5194
4339.784 5238
4339.786 5279
4339.788 5316
4339.79 5352
4339.792 5384
4339.794 5413
4339.796 5440
4339.798 5465
4339.8 5489
4339.802 5511
4339.804 5532
4339.806 5551
4339.808 5569
4339.81 5586
4339.812 5602
4339.814 5616
4339.816 5631
4339.818 5644
4339.82 5656
4339.822 5667
4339.824 5678
4339.826 5688
4339.828 5697
4339.83 5706
4339.832 5713
4339.834 5720
4339.836 5726
4339.838 5733
4339.84 5738
4339.842 5743
4339.844 5746
4339.846 5748
4339.848 5750
4339.85 5752
4339.852 5752
4339.854 5752
4339.856 5750
4339.858 5748
4339.86 5745
4339.862 5741
4339.864 5738
4339.866 5735
4339.868 5731
4339.87 5728
4339.872 5723
4339.874 5719
4339.876 5714
4339.878 5708
4339.88 5703
4339.882 5696
4339.884 5689
4339.886 5682
4339.888 5675
4339.89 5667
4339.892 5660
4339.894 5652
4339.896 5644
4339.898 5636
4339.9 5628
4339.902 5621
4339.904 5613
4339.906 5605
4339.908 5598
4339.91 5591
4339.912 5584
4339.914 5577
4339.916 5570
4339.918 5563
4339.92 5556
4339.922 5549
4339.924 5543
4339.926 5536
4339.928 5529
4339.93 5523
4339.932 5515
4339.934 5508
4339.936 5501
4339.938 5492
4339.94 5483
4339.942 5474
4339.944 5465
4339.946 5455
4339.948 5445
4339.95 5434
4339.952 5423
4339.954 5412
4339.956 5401
4339.958 5390
4339.96 5379
4339.962 5368
4339.964 5357
4339.966 5345
4339.968 5335
4339.97 5324
4339.972 5313
4339.974 5302
4339.976 5291
4339.978 5281
4339.98 5270
4339.982 5260
4339.984 5249
4339.986 5238
4339.988 5227
4339.99 5216
4339.992 5205
4339.994 5194
4339.996 5183
4339.998 5171
4340 5160
4340.002 5149
4340.004 5138
4340.006 5128
4340.008 5117
4340.01 5107
4340.012 5096
4340.014 5086
4340.016 5075
4340.018 5065
4340.02 5054
4340.022 5045
4340.024 5034
4340.026 5024
4340.028 5013
4340.03 5004
4340.032 4993
4340.034 4982
4340.036 4972
4340.038 4961
4340.04 4951
4340.042 4939
4340.044 4928
4340.046 4916
4340.048 4904
4340.05 4892
4340.052 4880
4340.054 4866
4340.056 4852
4340.058 4839
4340.06 4823
4340.062 4807
4340.064 4791
4340.066 4773
4340.068 4754
4340.07 4733
4340.072 4712
4340.074 4691
4340.076 4670
4340.078 4646
4340.08 4622
4340.082 4596
4340.084 4569
4340.086 4540
4340.088 4511
4340.09 4480
4340.092 4445
4340.094 4406
4340.096 4364
4340.098 4322
4340.1 4279
4340.102 4234
4340.104 4187
4340.106 4136
4340.108 4081
4340.11 4022
4340.112 3965
4340.114 3914
4340.116 3866
4340.118 3820
4340.12 3777
4340.122 3737
4340.124 3703
4340.126 3674
4340.128 3648
4340.13 3626
4340.132 3612
4340.134 3607
4340.136 3604
4340.138 3603
4340.14 3606
4340.142 3613
4340.144 3618
4340.146 3625
4340.148 3633
4340.15 3644
4340.152 3659
4340.154 3678
4340.156 3693
4340.158 3705
4340.16 3717
4340.162 3726
4340.164 3734
4340.166 3740
4340.168 3744
4340.17 3747
4340.172 3746
4340.174 3740
4340.176 3728
4340.178 3719
4340.18 3708
4340.182 3696
4340.184 3685
4340.186 3673
4340.188 3660
4340.19 3645
4340.192 3629
4340.194 3613
4340.196 3596
4340.198 3577
4340.2 3558
4340.202 3538
4340.204 3517
4340.206 3496
4340.208 3474
4340.21 3452
4340.212 3428
4340.214 3404
4340.216 3380
4340.218 3357
4340.22 3333
4340.222 3310
4340.224 3287
4340.226 3264
4340.228 3241
4340.23 3218
4340.232 3195
4340.234 3171
4340.236 3148
4340.238 3124
4340.24 3100
4340.242 3075
4340.244 3051
4340.246 3026
4340.248 3002
4340.25 2977
4340.252 2954
4340.254 2931
4340.256 2908
4340.258 2885
4340.26 2863
4340.262 2842
4340.264 2821
4340.266 2801
4340.268 2780
4340.27 2759
4340.272 2739
4340.274 2720
4340.276 2701
4340.278 2681
4340.28 2661
4340.282 2642
4340.284 2623
4340.286 2604
4340.288 2585
4340.29 2565
4340.292 2546
4340.294 2526
4340.296 2507
4340.298 2487
4340.3 2468
4340.302 2450
4340.304 2431
4340.306 2414
4340.308 2398
4340.31 2380
4340.312 2364
4340.314 2347
4340.316 2331
4340.318 2316
4340.32 2299
4340.322 2283
4340.324 2268
4340.326 2251
4340.328 2236
4340.33 2220
4340.332 2205
4340.334 2190
4340.336 2175
4340.338 2160
4340.34 2146
4340.342 2132
4340.344 2118
4340.346 2104
4340.348 2090
4340.35 2076
4340.352 2063
4340.354 2050
4340.356 2037
4340.358 2024
4340.36 2013
4340.362 2002
4340.364 1991
4340.366 1980
4340.368 1969
4340.37 1958
4340.372 1948
4340.374 1937
4340.376 1928
4340.378 1918
4340.38 1908
4340.382 1898
4340.384 1890
4340.386 1881
4340.388 1872
4340.39 1863
4340.392 1855
4340.394 1847
4340.396 1840
4340.398 1833
4340.4 1826
4340.402 1819
4340.404 1813
4340.406 1807
4340.408 1801
4340.41 1795
4340.412 1790
4340.414 1784
4340.416 1779
4340.418 1773
4340.42 1768
4340.422 1763
4340.424 1757
4340.426 1752
4340.428 1748
4340.43 1743
4340.432 1739
4340.434 1735
4340.436 1731
4340.438 1727
4340.44 1723
4340.442 1719
4340.444 1715
4340.446 1712
4340.448 1708
4340.45 1704
4340.452 1702
4340.454 1698
4340.456 1695
4340.458 1692
4340.46 1688
4340.462 1685
4340.464 1682
4340.466 1680
4340.468 1677
4340.47 1674
4340.472 1671
4340.474 1669
4340.476 1667
4340.478 1666
4340.48 1664
4340.482 1662
4340.484 1662
4340.486 1661
4340.488 1661
4340.49 1661
4340.492 1663
4340.494 1664
4340.496 1665
4340.498 1667
4340.5 1670
4340.502 1672
4340.504 1677
4340.506 1681
4340.508 1686
4340.51 1693
4340.512 1698
4340.514 1705
4340.516 1711
4340.518 1718
4340.52 1726
4340.522 1733
4340.524 1741
4340.526 1748
4340.528 1756
4340.53 1764
4340.532 1773
4340.534 1781
4340.536 1789
4340.538 1797
4340.54 1805
4340.542 1812
4340.544 1821
4340.546 1829
4340.548 1838
4340.55 1846
4340.552 1856
4340.554 1865
4340.556 1874
4340.558 1884
4340.56 1894
4340.562 1904
4340.564 1914
4340.566 1925
4340.568 1936
4340.57 1947
4340.572 1957
4340.574 1968
4340.576 1979
4340.578 1991
4340.58 2002
4340.582 2013
4340.584 2025
4340.586 2037
4340.588 2050
4340.59 2063
4340.592 2075
4340.594 2088
4340.596 2101
4340.598 2114
4340.6 2128
4340.602 2143
4340.604 2157
4340.606 2171
4340.608 2186
4340.61 2201
4340.612 2216
4340.614 2231
4340.616 2246
4340.618 2261
4340.62 2276
4340.622 2292
4340.624 2308
4340.626 2323
4340.628 2339
4340.63 2354
4340.632 2370
4340.634 2386
4340.636 2402
4340.638 2420
4340.64 2437
4340.642 2454
4340.644 2472
4340.646 2489
4340.648 2507
4340.65 2525
4340.652 2543
4340.654 2561
4340.656 2579
4340.658 2598
4340.66 2617
4340.662 2636
4340.664 2655
4340.666 2675
4340.668 2696
4340.67 2717
4340.672 2738
4340.674 2760
4340.676 2782
4340.678 2805
4340.68 2828
4340.682 2852
4340.684 2875
4340.686 2899
4340.688 2925
4340.69 2950
4340.692 2976
4340.694 3001
4340.696 3026
4340.698 3053
4340.7 3078
4340.702 3104
4340.704 3131
4340.706 3157
4340.708 3182
4340.71 3208
4340.712 3232
4340.714 3256
4340.716 3280
4340.718 3303
4340.72 3325
4340.722 3346
4340.724 3368
4340.726 3390
4340.728 3411
4340.73 3433
4340.732 3454
4340.734 3475
4340.736 3498
4340.738 3519
4340.74 3539
4340.742 3559
4340.744 3579
4340.746 3598
4340.748 3616
4340.75 3634
4340.752 3651
4340.754 3669
4340.756 3688
4340.758 3706
4340.76 3724
4340.762 3743
4340.764 3762
4340.766 3780
4340.768 3800
4340.77 3820
4340.772 3839
4340.774 3859
4340.776 3880
4340.778 3902
4340.78 3922
4340.782 3942
4340.784 3963
4340.786 3985
4340.788 4006
4340.79 4028
4340.792 4050
4340.794 4072
4340.796 4093
4340.798 4113
4340.8 4132
4340.802 4151
4340.804 4169
4340.806 4184
4340.808 4201
4340.81 4215
4340.812 4228
4340.814 4241
4340.816 4253
4340.818 4266
4340.82 4278
4340.822 4290
4340.824 4300
4340.826 4312
4340.828 4323
4340.83 4333
4340.832 4344
4340.834 4356
4340.836 4367
4340.838 4380
4340.84 4392
4340.842 4404
4340.844 4417
4340.846 4430
4340.848 4445
4340.85 4460
4340.852 4476
4340.854 4493
4340.856 4511
4340.858 4530
4340.86 4551
4340.862 4573
4340.864 4595
4340.866 4618
4340.868 4640
4340.87 4662
4340.872 4685
4340.874 4707
4340.876 4729
4340.878 4751
4340.88 4772
4340.882 4793
4340.884 4813
4340.886 4834
4340.888 4853
4340.89 4873
4340.892 4891
4340.894 4908
4340.896 4924
4340.898 4938
4340.9 4952
4340.902 4966
4340.904 4979
4340.906 4990
4340.908 5002
4340.91 5014
4340.912 5024
4340.914 5034
4340.916 5044
4340.918 5053
4340.92 5061
4340.922 5069
4340.924 5076
4340.926 5083
4340.928 5087
4340.93 5089
4340.932 5088
4340.934 5087
4340.936 5083
4340.938 5078
4340.94 5071
4340.942 5062
4340.944 5052
4340.946 5034
4340.948 5011
4340.95 4987
4340.952 4962
4340.954 4934
4340.956 4901
4340.958 4863
4340.96 4823
4340.962 4782
4340.964 4740
4340.966 4696
4340.968 4653
4340.97 4607
4340.972 4560
4340.974 4511
4340.976 4463
4340.978 4415
4340.98 4366
4340.982 4325
4340.984 4286
4340.986 4246
4340.988 4209
4340.99 4176
4340.992 4145
4340.994 4116
4340.996 4097
4340.998 4088
4341 4082
4341.002 4081
4341.004 4088
4341.006 4110
4341.008 4138
4341.01 4167
4341.012 4197
4341.014 4227
4341.016 4260
4341.018 4299
4341.02 4342
4341.022 4390
4341.024 4446
4341.026 4505
4341.028 4573
4341.03 4644
4341.032 4716
4341.034 4784
4341.036 4850
4341.038 4915
4341.04 4979
4341.042 5042
4341.044 5103
4341.046 5161
4341.048 5215
4341.05 5268
4341.052 5317
4341.054 5364
4341.056 5407
4341.058 5448
4341.06 5485
4341.062 5518
4341.064 5548
4341.066 5572
4341.068 5597
4341.07 5619
4341.072 5639
4341.074 5657
4341.076 5672
4341.078 5687
4341.08 5700
4341.082 5712
4341.084 5721
4341.086 5731
4341.088 5741
4341.09 5750
4341.092 5758
4341.094 5766
4341.096 5773
4341.098 5781
4341.1 5788
4341.102 5796
4341.104 5802
4341.106 5809
4341.108 5816
4341.11 5822
4341.112 5828
4341.114 5834
4341.116 5840
4341.118 5846
4341.12 5851
4341.122 5855
4341.124 5859
4341.126 5863
4341.128 5868
4341.13 5873
4341.132 5878
4341.134 5883
4341.136 5888
4341.138 5894
4341.14 5900
4341.142 5907
4341.144 5914
4341.146 5922
4341.148 5930
4341.15 5938
4341.152 5947
4341.154 5954
4341.156 5961
4341.158 5969
4341.16 5975
4341.162 5981
4341.164 5986
4341.166 5989
4341.168 5992
4341.17 5994
4341.172 5995
4341.174 5994
4341.176 5993
4341.178 5991
4341.18 5988
4341.182 5983
4341.184 5979
4341.186 5971
4341.188 5963
4341.19 5953
4341.192 5939
4341.194 5925
4341.196 5913
4341.198 5898
4341.2 5877
4341.202 5851
4341.204 5824
4341.206 5796
4341.208 5765
4341.21 5734
4341.212 5702
4341.214 5668
4341.216 5634
4341.218 5600
4341.22 5565
4341.222 5531
4341.224 5493
4341.226 5459
4341.228 5434
4341.23 5413
4341.232 5400
4341.234 5397
4341.236 5387
4341.238 5387
4341.24 5394
4341.242 5400
4341.244 5407
4341.246 5412
4341.248 5425
4341.25 5450
4341.252 5484
4341.254 5519
4341.256 5554
4341.258 5590
4341.26 5627
4341.262 5663
4341.264 5697
4341.266 5730
4341.268 5761
4341.27 5787
4341.272 5808
4341.274 5818
4341.276 5831
4341.278 5842
4341.28 5850
4341.282 5855
4341.284 5856
4341.286 5856
4341.288 5855
4341.29 5846
4341.292 5825
4341.294 5804
4341.296 5789
4341.298 5769
4341.3 5739
4341.302 5695
4341.304 5635
4341.306 5568
4341.308 5491
4341.31 5405
4341.312 5307
4341.314 5193
4341.316 5068
4341.318 4938
4341.32 4805
4341.322 4666
4341.324 4526
4341.326 4376
4341.328 4215
4341.33 4040
4341.332 3859
4341.334 3701
4341.336 3535
4341.338 3372
4341.34 3210
4341.342 3071
4341.344 2936
4341.346 2811
4341.348 2694
4341.35 2588
4341.352 2495
4341.354 2422
4341.356 2361
4341.358 2314
4341.36 2284
4341.362 2270
4341.364 2271
4341.366 2285
4341.368 2314
4341.37 2364
4341.372 2430
4341.374 2513
4341.376 2606
4341.378 2708
4341.38 2819
4341.382 2937
4341.384 3058
4341.386 3196
4341.388 3346
4341.39 3500
4341.392 3664
4341.394 3813
4341.396 3955
4341.398 4089
4341.4 4236
4341.402 4366
4341.404 4486
4341.406 4600
4341.408 4707
4341.41 4809
4341.412 4903
4341.414 4995
4341.416 5079
4341.418 5158
4341.42 5230
4341.422 5292
4341.424 5351
4341.426 5406
4341.428 5455
4341.43 5502
4341.432 5546
4341.434 5588
4341.436 5627
4341.438 5665
4341.44 5702
4341.442 5736
4341.444 5769
4341.446 5801
4341.448 5831
4341.45 5862
4341.452 5892
4341.454 5922
4341.456 5951
4341.458 5980
4341.46 6008
4341.462 6039
4341.464 6068
4341.466 6098
4341.468 6126
4341.47 6152
4341.472 6177
4341.474 6200
4341.476 6221
4341.478 6243
4341.48 6261
4341.482 6279
4341.484 6295
4341.486 6310
4341.488 6324
4341.49 6335
4341.492 6346
4341.494 6354
4341.496 6360
4341.498 6366
4341.5 6371
4341.502 6374
4341.504 6377
4341.506 6377
4341.508 6376
4341.51 6373
4341.512 6369
4341.514 6366
4341.516 6360
4341.518 6355
4341.52 6349
4341.522 6342
4341.524 6336
4341.526 6331
4341.528 6325
4341.53 6320
4341.532 6315
4341.534 6312
4341.536 6309
4341.538 6308
4341.54 6308
4341.542 6308
4341.544 6309
4341.546 6312
4341.548 6316
4341.55 6322
4341.552 6328
4341.554 6336
4341.556 6346
4341.558 6352
4341.56 6366
4341.562 6382
4341.564 6398
4341.566 6415
4341.568 6432
4341.57 6450
4341.572 6469
4341.574 6490
4341.576 6510
4341.578 6532
4341.58 6555
4341.582 6577
4341.584 6599
4341.586 6622
4341.588 6645
4341.59 6668
4341.592 6691
4341.594 6713
4341.596 6735
4341.598 6756
4341.6 6777
4341.602 6798
4341.604 6817
4341.606 6835
4341.608 6853
4341.61 6868
4341.612 6881
4341.614 6893
4341.616 6904
4341.618 6911
4341.62 6918
4341.622 6924
4341.624 6929
4341.626 6933
4341.628 6934
4341.63 6934
4341.632 6933
4341.634 6931
4341.636 6929
4341.638 6925
4341.64 6921
4341.642 6914
4341.644 6906
4341.646 6897
4341.648 6886
4341.65 6875
4341.652 6864
4341.654 6849
4341.656 6830
4341.658 6808
4341.66 6785
4341.662 6760
4341.664 6732
4341.666 6700
4341.668 6668
4341.67 6635
4341.672 6601
4341.674 6567
4341.676 6532
4341.678 6496
4341.68 6459
4341.682 6421
4341.684 6381
4341.686 6343
4341.688 6305
4341.69 6269
4341.692 6234
4341.694 6202
4341.696 6172
4341.698 6142
4341.7 6115
4341.702 6089
4341.704 6067
4341.706 6044
4341.708 6023
4341.71 6002
4341.712 5985
4341.714 5973
4341.716 5964
4341.718 5962
4341.72 5965
4341.722 5972
4341.724 5991
4341.726 6017
4341.728 6039
4341.73 6070
4341.732 6101
4341.734 6129
4341.736 6159
4341.738 6188
4341.74 6217
4341.742 6247
4341.744 6277
4341.746 6309
4341.748 6341
4341.75 6375
4341.752 6410
4341.754 6446
4341.756 6484
4341.758 6520
4341.76 6555
4341.762 6579
4341.764 6594
4341.766 6607
4341.768 6622
4341.77 6631
4341.772 6632
4341.774 6630
4341.776 6629
4341.778 6625
4341.78 6614
4341.782 6604
4341.784 6589
4341.786 6572
4341.788 6553
4341.79 6526
4341.792 6501
4341.794 6467
4341.796 6430
4341.798 6396
4341.8 6364
4341.802 6333
4341.804 6304
4341.806 6279
4341.808 6258
4341.81 6239
4341.812 6223
4341.814 6209
4341.816 6203
4341.818 6201
4341.82 6201
4341.822 6204
4341.824 6220
4341.826 6251
4341.828 6295
4341.83 6333
4341.832 6371
4341.834 6407
4341.836 6444
4341.838 6480
4341.84 6517
4341.842 6554
4341.844 6586
4341.846 6615
4341.848 6636
4341.85 6645
4341.852 6654
4341.854 6663
4341.856 6672
4341.858 6675
4341.86 6674
4341.862 6671
4341.864 6665
4341.866 6661
4341.868 6650
4341.87 6633
4341.872 6614
4341.874 6596
4341.876 6578
4341.878 6560
4341.88 6543
4341.882 6526
4341.884 6510
4341.886 6494
4341.888 6479
4341.89 6466
4341.892 6452
4341.894 6440
4341.896 6432
4341.898 6426
4341.9 6424
4341.902 6428
4341.904 6436
4341.906 6443
4341.908 6452
4341.91 6461
4341.912 6476
4341.914 6492
4341.916 6513
4341.918 6531
4341.92 6551
4341.922 6578
4341.924 6609
4341.926 6640
4341.928 6673
4341.93 6708
4341.932 6744
4341.934 6780
4341.936 6818
4341.938 6858
4341.94 6897
4341.942 6936
4341.944 6974
4341.946 7010
4341.948 7045
4341.95 7078
4341.952 7109
4341.954 7139
4341.956 7168
4341.958 7197
4341.96 7224
4341.962 7249
4341.964 7272
4341.966 7292
4341.968 7311
4341.97 7327
4341.972 7342
4341.974 7355
4341.976 7365
4341.978 7376
4341.98 7385
4341.982 7394
4341.984 7402
4341.986 7408
4341.988 7414
4341.99 7420
4341.992 7425
4341.994 7429
4341.996 7433
4341.998 7436
4342 7439
4342.002 7444
4342.004 7447
4342.006 7450
4342.008 7454
4342.01 7458
4342.012 7462
4342.014 7465
4342.016 7470
4342.018 7474
4342.02 7478
4342.022 7483
4342.024 7487
4342.026 7491
4342.028 7493
4342.03 7496
4342.032 7498
4342.034 7499
4342.036 7498
4342.038 7497
4342.04 7495
4342.042 7492
4342.044 7489
4342.046 7484
4342.048 7479
4342.05 7473
4342.052 7466
4342.054 7460
4342.056 7454
4342.058 7448
4342.06 7442
4342.062 7438
4342.064 7433
4342.066 7430
4342.068 7429
4342.07 7429
4342.072 7429
4342.074 7430
4342.076 7433
4342.078 7437
4342.08 7442
4342.082 7447
4342.084 7452
4342.086 7459
4342.088 7467
4342.09 7473
4342.092 7477
4342.094 7480
4342.096 7483
4342.098 7482
4342.1 7480
4342.102 7476
4342.104 7469
4342.106 7461
4342.108 7452
4342.11 7439
4342.112 7422
4342.114 7407
4342.116 7388
4342.118 7363
4342.12 7338
4342.122 7313
4342.124 7283
4342.126 7251
4342.128 7214
4342.13 7178
4342.132 7141
4342.134 7102
4342.136 7060
4342.138 7017
4342.14 6972
4342.142 6926
4342.144 6881
4342.146 6839
4342.148 6799
4342.15 6760
4342.152 6724
4342.154 6690
4342.156 6659
4342.158 6627
4342.16 6596
4342.162 6565
4342.164 6536
4342.166 6509
4342.168 6489
4342.17 6477
4342.172 6467
4342.174 6459
4342.176 6449
4342.178 6440
4342.18 6440
4342.182 6441
4342.184 6443
4342.186 6453
4342.188 6466
4342.19 6479
4342.192 6494
4342.194 6516
4342.196 6539
4342.198 6563
4342.2 6590
4342.202 6618
4342.204 6647
4342.206 6679
4342.208 6711
4342.21 6742
4342.212 6772
4342.214 6799
4342.216 6823
4342.218 6847
4342.22 6868
4342.222 6888
4342.224 6904
4342.226 6920
4342.228 6931
4342.23 6941
4342.232 6951
4342.234 6960
4342.236 6969
4342.238 6975
4342.24 6980
4342.242 6985
4342.244 6989
4342.246 6993
4342.248 6996
4342.25 6999
4342.252 7001
4342.254 7003
4342.256 7005
4342.258 7007
4342.26 7009
4342.262 7012
4342.264 7014
4342.266 7017
4342.268 7019
4342.27 7022
4342.272 7024
4342.274 7026
4342.276 7028
4342.278 7030
4342.28 7032
4342.282 7034
4342.284 7036
4342.286 7037
4342.288 7038
4342.29 7040
4342.292 7042
4342.294 7043
4342.296 7045
4342.298 7048
4342.3 7050
4342.302 7053
4342.304 7056
4342.306 7061
4342.308 7066
4342.31 7072
4342.312 7078
4342.314 7085
4342.316 7094
4342.318 7103
4342.32 7112
4342.322 7121
4342.324 7134
4342.326 7148
4342.328 7164
4342.33 7180
4342.332 7197
4342.334 7217
4342.336 7238
4342.338 7261
4342.34 7285
4342.342 7310
4342.344 7336
4342.346 7362
4342.348 7386
4342.35 7411
4342.352 7435
4342.354 7459
4342.356 7483
4342.358 7506
4342.36 7527
4342.362 7547
4342.364 7566
4342.366 7585
4342.368 7603
4342.37 7621
4342.372 7639
4342.374 7657
4342.376 7675
4342.378 7692
4342.38 7710
4342.382 7727
4342.384 7741
4342.386 7755
4342.388 7768
4342.39 7780
4342.392 7793
4342.394 7804
4342.396 7813
4342.398 7821
4342.4 7830
4342.402 7838
4342.404 7845
4342.406 7853
4342.408 7860
4342.41 7866
4342.412 7873
4342.414 7880
4342.416 7886
4342.418 7893
4342.42 7900
4342.422 7906
4342.424 7912
4342.426 7919
4342.428 7925
4342.43 7930
4342.432 7936
4342.434 7941
4342.436 7946
4342.438 7950
4342.44 7954
4342.442 7958
4342.444 7962
4342.446 7966
4342.448 7969
4342.45 7972
4342.452 7974
4342.454 7977
4342.456 7980
4342.458 7982
4342.46 7985
4342.462 7987
4342.464 7989
4342.466 7992
4342.468 7995
4342.47 7997
4342.472 8000
4342.474 8003
4342.476 8006
4342.478 8008
4342.48 8012
4342.482 8014
4342.484 8017
4342.486 8020
4342.488 8024
4342.49 8028
4342.492 8032
4342.494 8035
4342.496 8040
4342.498 8044
4342.5 8048
4342.502 8053
4342.504 8057
4342.506 8061
4342.508 8065
4342.51 8069
4342.512 8072
4342.514 8075
4342.516 8078
4342.518 8081
4342.52 8082
4342.522 8084
4342.524 8085
4342.526 8086
4342.528 8086
4342.53 8086
4342.532 8085
4342.534 8084
4342.536 8083
4342.538 8082
4342.54 8080
4342.542 8079
4342.544 8078
4342.546 8076
4342.548 8074
4342.55 8072
4342.552 8070
4342.554 8068
4342.556 8067
4342.558 8064
4342.56 8063
4342.562 8062
4342.564 8062
4342.566 8062
4342.568 8062
4342.57 8063
4342.572 8063
4342.574 8064
4342.576 8065
4342.578 8067
4342.58 8068
4342.582 8070
4342.584 8073
4342.586 8076
4342.588 8079
4342.59 8081
4342.592 8084
4342.594 8087
4342.596 8091
4342.598 8095
4342.6 8098
4342.602 8102
4342.604 8106
4342.606 8110
4342.608 8114
4342.61 8118
4342.612 8123
4342.614 8127
4342.616 8133
4342.618 8137
4342.62 8141
4342.622 8147
4342.624 8152
4342.626 8157
4342.628 8162
4342.63 8167
4342.632 8172
4342.634 8175
4342.636 8179
4342.638 8184
4342.64 8187
4342.642 8191
4342.644 8194
4342.646 8197
4342.648 8201
4342.65 8205
4342.652 8209
4342.654 8213
4342.656 8218
4342.658 8223
4342.66 8228
4342.662 8232
4342.664 8237
4342.666 8243
4342.668 8248
4342.67 8253
4342.672 8258
4342.674 8263
4342.676 8268
4342.678 8272
4342.68 8276
4342.682 8279
4342.684 8282
4342.686 8285
4342.688 8288
4342.69 8290
4342.692 8292
4342.694 8294
4342.696 8297
4342.698 8298
4342.7 8299
4342.702 8301
4342.704 8303
4342.706 8305
4342.708 8307
4342.71 8310
4342.712 8313
4342.714 8315
4342.716 8318
4342.718 8320
4342.72 8323
4342.722 8326
4342.724 8328
4342.726 8330
4342.728 8333
4342.73 8334
4342.732 8335
4342.734 8335
4342.736 8336
4342.738 8336
4342.74 8336
4342.742 8336
4342.744 8336
4342.746 8335
4342.748 8335
4342.75 8335
4342.752 8336
4342.754 8336
4342.756 8337
4342.758 8337
4342.76 8337
4342.762 8338
4342.764 8339
4342.766 8339
4342.768 8340
4342.77 8341
4342.772 8342
4342.774 8342
4342.776 8342
4342.778 8343
4342.78 8342
4342.782 8341
4342.784 8340
4342.786 8339
4342.788 8338
4342.79 8337
4342.792 8334
4342.794 8331
4342.796 8328
4342.798 8324
4342.8 8320
4342.802 8316
4342.804 8312
4342.806 8308
4342.808 8303
4342.81 8300
4342.812 8296
4342.814 8292
4342.816 8289
4342.818 8286
4342.82 8284
4342.822 8282
4342.824 8281
4342.826 8281
4342.828 8281
4342.83 8281
4342.832 8283
4342.834 8284
4342.836 8287
4342.838 8290
4342.84 8293
4342.842 8297
4342.844 8302
4342.846 8306
4342.848 8310
4342.85 8316
4342.852 8320
4342.854 8326
4342.856 8331
4342.858 8336
4342.86 8341
4342.862 8347
4342.864 8352
4342.866 8358
4342.868 8363
4342.87 8367
4342.872 8372
4342.874 8375
4342.876 8378
4342.878 8381
4342.88 8383
4342.882 8384
4342.884 8385
4342.886 8385
4342.888 8384
4342.89 8383
4342.892 8382
4342.894 8381
4342.896 8378
4342.898 8376
4342.9 8373
4342.902 8370
4342.904 8367
4342.906 8363
4342.908 8358
4342.91 8353
4342.912 8349
4342.914 8344
4342.916 8337
4342.918 8331
4342.92 8324
4342.922 8317
4342.924 8309
4342.926 8301
4342.928 8292
4342.93 8283
4342.932 8274
4342.934 8264
4342.936 8254
4342.938 8244
4342.94 8234
4342.942 8223
4342.944 8212
4342.946 8203
4342.948 8195
4342.95 8187
4342.952 8180
4342.954 8174
4342.956 8169
4342.958 8165
4342.96 8162
4342.962 8160
4342.964 8158
4342.966 8157
4342.968 8157
4342.97 8157
4342.972 8158
4342.974 8161
4342.976 8164
4342.978 8167
4342.98 8171
4342.982 8176
4342.984 8182
4342.986 8189
4342.988 8195
4342.99 8201
4342.992 8207
4342.994 8213
4342.996 8219
4342.998 8224
4343 8229
4343.002 8235
4343.004 8240
4343.006 8244
4343.008 8248
4343.01 8252
4343.012 8254
4343.014 8256
4343.016 8258
4343.018 8259
4343.02 8260
4343.022 8260
4343.024 8260
4343.026 8259
4343.028 8256
4343.03 8253
4343.032 8249
4343.034 8244
4343.036 8237
4343.038 8230
4343.04 8221
4343.042 8212
4343.044 8201
4343.046 8189
4343.048 8178
4343.05 8165
4343.052 8150
4343.054 8132
4343.056 8114
4343.058 8094
4343.06 8073
4343.062 8052
4343.064 8029
4343.066 8005
4343.068 7982
4343.07 7958
4343.072 7935
4343.074 7911
4343.076 7888
4343.078 7866
4343.08 7842
4343.082 7820
4343.084 7797
4343.086 7774
4343.088 7750
4343.09 7726
4343.092 7701
4343.094 7676
4343.096 7649
4343.098 7622
4343.1 7595
4343.102 7569
4343.104 7542
4343.106 7514
4343.108 7484
4343.11 7452
4343.112 7416
4343.114 7376
4343.116 7332
4343.118 7284
4343.12 7230
4343.122 7172
4343.124 7109
4343.126 7041
4343.128 6970
4343.13 6893
4343.132 6807
4343.134 6712
4343.136 6612
4343.138 6510
4343.14 6410
4343.142 6311
4343.144 6207
4343.146 6097
4343.148 5978
4343.15 5854
4343.152 5733
4343.154 5613
4343.156 5496
4343.158 5381
4343.16 5267
4343.162 5154
4343.164 5041
4343.166 4929
4343.168 4816
4343.17 4705
4343.172 4597
4343.174 4492
4343.176 4390
4343.178 4290
4343.18 4191
4343.182 4093
4343.184 3997
4343.186 3906
4343.188 3818
4343.19 3732
4343.192 3647
4343.194 3563
4343.196 3480
4343.198 3401
4343.2 3323
4343.202 3247
4343.204 3177
4343.206 3119
4343.208 3071
4343.21 3029
4343.212 2993
4343.214 2958
4343.216 2931
4343.218 2916
4343.22 2911
4343.222 2914
4343.224 2928
4343.226 2949
4343.228 2979
4343.23 3014
4343.232 3051
4343.234 3081
4343.236 3109
4343.238 3136
4343.24 3158
4343.242 3160
4343.244 3153
4343.246 3161
4343.248 3161
4343.25 3147
4343.252 3129
4343.254 3107
4343.256 3081
4343.258 3051
4343.26 3019
4343.262 2985
4343.264 2955
4343.266 2931
4343.268 2914
4343.27 2905
4343.272 2908
4343.274 2925
4343.276 2957
4343.278 3007
4343.28 3078
4343.282 3168
4343.284 3277
4343.286 3419
4343.288 3583
4343.29 3759
4343.292 3951
4343.294 4152
4343.296 4359
4343.298 4572
4343.3 4799
4343.302 5031
4343.304 5260
4343.306 5476
4343.308 5685
4343.31 5896
4343.312 6098
4343.314 6286
4343.316 6461
4343.318 6625
4343.32 6778
4343.322 6924
4343.324 7061
4343.326 7189
4343.328 7303
4343.33 7402
4343.332 7488
4343.334 7562
4343.336 7627
4343.338 7686
4343.34 7739
4343.342 7787
4343.344 7830
4343.346 7869
4343.348 7904
4343.35 7933
4343.352 7952
4343.354 7961
4343.356 7965
4343.358 7967
4343.36 7965
4343.362 7961
4343.364 7955
4343.366 7946
4343.368 7934
4343.37 7920
4343.372 7904
4343.374 7888
4343.376 7869
4343.378 7847
4343.38 7820
4343.382 7791
4343.384 7762
4343.386 7732
4343.388 7705
4343.39 7680
4343.392 7655
4343.394 7631
4343.396 7607
4343.398 7585
4343.4 7563
4343.402 7543
4343.404 7524
4343.406 7507
4343.408 7491
4343.41 7475
4343.412 7460
4343.414 7445
4343.416 7429
4343.418 7414
4343.42 7399
4343.422 7383
4343.424 7366
4343.426 7347
4343.428 7327
4343.43 7306
4343.432 7284
4343.434 7259
4343.436 7233
4343.438 7206
4343.44 7176
4343.442 7142
4343.444 7102
4343.446 7061
4343.448 7017
4343.45 6972
4343.452 6924
4343.454 6871
4343.456 6815
4343.458 6759
4343.46 6705
4343.462 6653
4343.464 6601
4343.466 6551
4343.468 6502
4343.47 6453
4343.472 6405
4343.474 6358
4343.476 6313
4343.478 6275
4343.48 6244
4343.482 6219
4343.484 6202
4343.486 6190
4343.488 6183
4343.49 6182
4343.492 6185
4343.494 6194
4343.496 6203
4343.498 6214
4343.5 6232
4343.502 6261
4343.504 6298
4343.506 6341
4343.508 6387
4343.51 6439
4343.512 6495
4343.514 6554
4343.516 6613
4343.518 6674
4343.52 6734
4343.522 6795
4343.524 6853
4343.526 6907
4343.528 6957
4343.53 7005
4343.532 7052
4343.534 7100
4343.536 7147
4343.538 7191
4343.54 7232
4343.542 7272
4343.544 7309
4343.546 7340
4343.548 7365
4343.55 7390
4343.552 7414
4343.554 7437
4343.556 7459
4343.558 7480
4343.56 7501
4343.562 7523
4343.564 7546
4343.566 7570
4343.568 7594
4343.57 7621
4343.572 7650
4343.574 7681
4343.576 7713
4343.578 7742
4343.58 7770
4343.582 7797
4343.584 7824
4343.586 7851
4343.588 7877
4343.59 7905
4343.592 7933
4343.594 7960
4343.596 7985
4343.598 8008
4343.6 8027
4343.602 8042
4343.604 8052
4343.606 8058
4343.608 8058
4343.61 8053
4343.612 8043
4343.614 8029
4343.616 8010
4343.618 7987
4343.62 7959
4343.622 7924
4343.624 7883
4343.626 7837
4343.628 7782
4343.63 7718
4343.632 7643
4343.634 7559
4343.636 7468
4343.638 7372
4343.64 7271
4343.642 7161
4343.644 7037
4343.646 6895
4343.648 6748
4343.65 6592
4343.652 6423
4343.654 6251
4343.656 6070
4343.658 5868
4343.66 5656
4343.662 5459
4343.664 5265
4343.666 5060
4343.668 4855
4343.67 4644
4343.672 4433
4343.674 4231
4343.676 4035
4343.678 3849
4343.68 3663
4343.682 3476
4343.684 3302
4343.686 3152
4343.688 3013
4343.69 2885
4343.692 2776
4343.694 2681
4343.696 2607
4343.698 2552
4343.7 2517
4343.702 2501
4343.704 2502
4343.706 2520
4343.708 2560
4343.71 2627
4343.712 2718
4343.714 2830
4343.716 2971
4343.718 3139
4343.72 3320
4343.722 3520
4343.724 3747
4343.726 3984
4343.728 4215
4343.73 4446
4343.732 4687
4343.734 4934
4343.736 5176
4343.738 5413
4343.74 5641
4343.742 5854
4343.744 6065
4343.746 6275
4343.748 6473
4343.75 6641
4343.752 6786
4343.754 6923
4343.756 7049
4343.758 7166
4343.76 7278
4343.762 7383
4343.764 7483
4343.766 7578
4343.768 7664
4343.77 7743
4343.772 7817
4343.774 7884
4343.776 7946
4343.778 8003
4343.78 8055
4343.782 8104
4343.784 8150
4343.786 8192
4343.788 8230
4343.79 8264
4343.792 8295
4343.794 8324
4343.796 8352
4343.798 8377
4343.8 8399
4343.802 8419
4343.804 8438
4343.806 8455
4343.808 8470
4343.81 8483
4343.812 8495
4343.814 8505
4343.816 8513
4343.818 8520
4343.82 8526
4343.822 8531
4343.824 8535
4343.826 8537
4343.828 8538
4343.83 8539
4343.832 8538
4343.834 8537
4343.836 8536
4343.838 8534
4343.84 8531
4343.842 8528
4343.844 8525
4343.846 8521
4343.848 8517
4343.85 8514
4343.852 8509
4343.854 8505
4343.856 8500
4343.858 8495
4343.86 8490
4343.862 8484
4343.864 8478
4343.866 8472
4343.868 8463
4343.87 8456
4343.872 8448
4343.874 8439
4343.876 8430
4343.878 8416
4343.88 8398
4343.882 8377
4343.884 8355
4343.886 8329
4343.888 8298
4343.89 8262
4343.892 8220
4343.894 8166
4343.896 8105
4343.898 8043
4343.9 7979
4343.902 7913
4343.904 7840
4343.906 7760
4343.908 7672
4343.91 7580
4343.912 7482
4343.914 7381
4343.916 7278
4343.918 7174
4343.92 7070
4343.922 6963
4343.924 6856
4343.926 6747
4343.928 6640
4343.93 6538
4343.932 6445
4343.934 6363
4343.936 6285
4343.938 6207
4343.94 6133
4343.942 6064
4343.944 5997
4343.946 5934
4343.948 5880
4343.95 5838
4343.952 5800
4343.954 5766
4343.956 5740
4343.958 5719
4343.96 5705
4343.962 5699
4343.964 5699
4343.966 5707
4343.968 5724
4343.97 5750
4343.972 5782
4343.974 5818
4343.976 5859
4343.978 5907
4343.98 5960
4343.982 6019
4343.984 6080
4343.986 6144
4343.988 6215
4343.99 6297
4343.992 6385
4343.994 6478
4343.996 6572
4343.998 6666
4344 6759
4344.002 6853
4344.004 6946
4344.006 7035
4344.008 7122
4344.01 7205
4344.012 7290
4344.014 7378
4344.016 7469
4344.018 7559
4344.02 7644
4344.022 7721
4344.024 7796
4344.026 7871
4344.028 7944
4344.03 8015
4344.032 8081
4344.034 8141
4344.036 8198
4344.038 8248
4344.04 8291
4344.042 8332
4344.044 8371
4344.046 8409
4344.048 8444
4344.05 8479
4344.052 8514
4344.054 8549
4344.056 8583
4344.058 8615
4344.06 8643
4344.062 8668
4344.064 8691
4344.066 8713
4344.068 8733
4344.07 8751
4344.072 8769
4344.074 8786
4344.076 8802
4344.078 8818
4344.08 8833
4344.082 8847
4344.084 8859
4344.086 8870
4344.088 8880
4344.09 8890
4344.092 8899
4344.094 8907
4344.096 8914
4344.098 8920
4344.1 8927
4344.102 8931
4344.104 8935
4344.106 8938
4344.108 8942
4344.11 8945
4344.112 8947
4344.114 8950
4344.116 8952
4344.118 8954
4344.12 8957
4344.122 8959
4344.124 8960
4344.126 8962
4344.128 8963
4344.13 8964
4344.132 8965
4344.134 8966
4344.136 8966
4344.138 8967
4344.14 8967
4344.142 8967
4344.144 8967
4344.146 8967
4344.148 8967
4344.15 8967
4344.152 8966
4344.154 8964
4344.156 8963
4344.158 8961
4344.16 8958
4344.162 8953
4344.164 8948
4344.166 8943
4344.168 8938
4344.17 8932
4344.172 8925
4344.174 8917
4344.176 8910
4344.178 8902
4344.18 8893
4344.182 8883
4344.184 8873
4344.186 8861
4344.188 8848
4344.19 8835
4344.192 8821
4344.194 8806
4344.196 8786
4344.198 8764
4344.2 8736
4344.202 8701
4344.204 8660
4344.206 8609
4344.208 8555
4344.21 8496
4344.212 8433
4344.214 8362
4344.216 8277
4344.218 8181
4344.22 8071
4344.222 7951
4344.224 7823
4344.226 7684
4344.228 7548
4344.23 7382
4344.232 7193
4344.234 6995
4344.236 6807
4344.238 6597
4344.24 6372
4344.242 6133
4344.244 5884
4344.246 5630
4344.248 5382
4344.25 5128
4344.252 4873
4344.254 4617
4344.256 4367
4344.258 4125
4344.26 3900
4344.262 3682
4344.264 3462
4344.266 3244
4344.268 3041
4344.27 2861
4344.272 2714
4344.274 2581
4344.276 2463
4344.278 2359
4344.28 2276
4344.282 2217
4344.284 2184
4344.286 2170
4344.288 2171
4344.29 2186
4344.292 2219
4344.294 2277
4344.296 2363
4344.298 2473
4344.3 2601
4344.302 2752
4344.304 2929
4344.306 3128
4344.308 3359
4344.31 3600
4344.312 3847
4344.314 4105
4344.316 4356
4344.318 4605
4344.32 4859
4344.322 5117
4344.324 5367
4344.326 5608
4344.328 5834
4344.33 6037
4344.332 6235
4344.334 6421
4344.336 6607
4344.338 6769
4344.34 6913
4344.342 7045
4344.344 7176
4344.346 7291
4344.348 7395
4344.35 7491
4344.352 7580
4344.354 7663
4344.356 7744
4344.358 7819
4344.36 7890
4344.362 7953
4344.364 8009
4344.366 8063
4344.368 8115
4344.37 8161
4344.372 8201
4344.374 8237
4344.376 8266
4344.378 8292
4344.38 8317
4344.382 8341
4344.384 8360
4344.386 8378
4344.388 8395
4344.39 8409
4344.392 8419
4344.394 8422
4344.396 8420
4344.398 8413
4344.4 8400
4344.402 8384
4344.404 8364
4344.406 8340
4344.408 8312
4344.41 8280
4344.412 8243
4344.414 8203
4344.416 8158
4344.418 8109
4344.42 8053
4344.422 7987
4344.424 7906
4344.426 7809
4344.428 7700
4344.43 7585
4344.432 7463
4344.434 7331
4344.436 7185
4344.438 7028
4344.44 6860
4344.442 6669
4344.444 6461
4344.446 6242
4344.448 6022
4344.45 5785
4344.452 5552
4344.454 5305
4344.456 5042
4344.458 4776
4344.46 4509
4344.462 4246
4344.464 3984
4344.466 3717
4344.468 3457
4344.47 3212
4344.472 2982
4344.474 2756
4344.476 2541
4344.478 2343
4344.48 2164
4344.482 1991
4344.484 1830
4344.486 1701
4344.488 1592
4344.49 1490
4344.492 1403
4344.494 1325
4344.496 1257
4344.498 1200
4344.5 1157
4344.502 1121
4344.504 1092
4344.506 1073
4344.508 1061
4344.51 1059
4344.512 1066
4344.514 1080
4344.516 1106
4344.518 1138
4344.52 1176
4344.522 1230
4344.524 1302
4344.526 1390
4344.528 1493
4344.53 1615
4344.532 1775
4344.534 1964
4344.536 2173
4344.538 2406
4344.54 2655
4344.542 2924
4344.544 3203
4344.546 3498
4344.548 3798
4344.55 4099
4344.552 4386
4344.554 4665
4344.556 4939
4344.558 5207
4344.56 5469
4344.562 5700
4344.564 5914
4344.566 6120
4344.568 6318
4344.57 6479
4344.572 6633
4344.574 6791
4344.576 6940
4344.578 7062
4344.58 7171
4344.582 7271
4344.584 7369
4344.586 7465
4344.588 7558
4344.59 7645
4344.592 7726
4344.594 7799
4344.596 7866
4344.598 7923
4344.6 7977
4344.602 8029
4344.604 8079
4344.606 8126
4344.608 8170
4344.61 8213
4344.612 8255
4344.614 8295
4344.616 8334
4344.618 8374
4344.62 8406
4344.622 8436
4344.624 8464
4344.626 8491
4344.628 8515
4344.63 8536
4344.632 8557
4344.634 8577
4344.636 8597
4344.638 8617
4344.64 8636
4344.642 8655
4344.644 8673
4344.646 8691
4344.648 8707
4344.65 8721
4344.652 8735
4344.654 8749
4344.656 8762
4344.658 8773
4344.66 8784
4344.662 8795
4344.664 8804
4344.666 8814
4344.668 8823
4344.67 8831
4344.672 8839
4344.674 8847
4344.676 8854
4344.678 8862
4344.68 8869
4344.682 8876
4344.684 8881
4344.686 8885
4344.688 8889
4344.69 8892
4344.692 8896
4344.694 8898
4344.696 8901
4344.698 8903
4344.7 8904
4344.702 8905
4344.704 8905
4344.706 8905
4344.708 8903
4344.71 8901
4344.712 8897
4344.714 8893
4344.716 8888
4344.718 8884
4344.72 8881
4344.722 8877
4344.724 8874
4344.726 8869
4344.728 8866
4344.73 8863
4344.732 8862
4344.734 8859
4344.736 8858
4344.738 8858
4344.74 8858
4344.742 8858
4344.744 8860
4344.746 8861
4344.748 8864
4344.75 8868
4344.752 8872
4344.754 8876
4344.756 8881
4344.758 8888
4344.76 8894
4344.762 8900
4344.764 8908
4344.766 8915
4344.768 8922
4344.77 8928
4344.772 8935
4344.774 8943
4344.776 8950
4344.778 8956
4344.78 8961
4344.782 8966
4344.784 8971
4344.786 8976
4344.788 8980
4344.79 8983
4344.792 8985
4344.794 8986
4344.796 8986
4344.798 8985
4344.8 8983
4344.802 8980
4344.804 8974
4344.806 8966
4344.808 8952
4344.81 8940
4344.812 8927
4344.814 8913
4344.816 8899
4344.818 8884
4344.82 8865
4344.822 8840
4344.824 8809
4344.826 8776
4344.828 8737
4344.83 8694
4344.832 8646
4344.834 8588
4344.836 8522
4344.838 8450
4344.84 8369
4344.842 8281
4344.844 8188
4344.846 8088
4344.848 7981
4344.85 7852
4344.852 7722
4344.854 7602
4344.856 7478
4344.858 7334
4344.86 7175
4344.862 7019
4344.864 6875
4344.866 6726
4344.868 6576
4344.87 6437
4344.872 6302
4344.874 6168
4344.876 6047
4344.878 5942
4344.88 5846
4344.882 5762
4344.884 5695
4344.886 5644
4344.888 5611
4344.89 5597
4344.892 5602
4344.894 5626
4344.896 5665
4344.898 5721
4344.9 5801
4344.902 5907
4344.904 6033
4344.906 6156
4344.908 6276
4344.91 6402
4344.912 6533
4344.914 6672
4344.916 6814
4344.918 6966
4344.92 7114
4344.922 7260
4344.924 7395
4344.926 7522
4344.928 7642
4344.93 7759
4344.932 7870
4344.934 7971
4344.936 8063
4344.938 8150
4344.94 8230
4344.942 8305
4344.944 8375
4344.946 8440
4344.948 8500
4344.95 8552
4344.952 8598
4344.954 8643
4344.956 8686
4344.958 8725
4344.96 8760
4344.962 8792
4344.964 8818
4344.966 8842
4344.968 8865
4344.97 8885
4344.972 8904
4344.974 8922
4344.976 8938
4344.978 8953
4344.98 8967
4344.982 8979
4344.984 8989
4344.986 8999
4344.988 9007
4344.99 9015
4344.992 9022
4344.994 9028
4344.996 9033
4344.998 9039
4345 9043
