6464 9848
6464.1 9875
6464.202 9785
6464.304 9874
6464.404 9822
6464.506 9880
6464.608 9599
6464.71 9247
6464.81 9853
6464.912 9888
6465.014 9879
6465.116 9887
6465.216 9873
6465.318 9878
6465.42 9870
6465.52 9880
6465.622 9888
6465.724 9858
6465.826 9826
6465.926 9891
6466.028 9896
6466.13 9874
6466.232 9861
6466.332 9879
6466.434 9878
6466.536 9840
6466.636 9846
6466.738 9823
6466.84 9768
6466.942 9769
6467.042 9808
6467.144 9865
6467.246 9875
6467.348 9857
6467.448 9883
6467.55 9869
6467.652 9902
6467.752 9882
6467.854 9869
6467.956 9862
6468.058 9873
6468.158 9890
6468.26 9892
6468.362 9882
6468.462 9898
6468.564 9898
6468.666 9897
6468.768 9873
6468.868 9850
6468.97 9815
6469.072 9459
6469.174 5929
6469.274 8763
6469.376 9779
6469.478 9853
6469.578 9858
6469.68 9876
6469.782 9869
6469.884 9901
6469.984 9824
6470.086 9826
6470.188 9863
6470.29 9900
6470.39 9908
6470.492 9891
6470.594 9840
6470.694 9895
6470.796 9821
6470.898 9844
6471 9891
6471.1 9894
6471.202 9868
6471.304 9783
6471.404 9838
6471.506 9658
6471.608 5924
6471.71 5444
6471.81 9567
6471.912 9850
6472.014 9874
6472.116 9822
6472.216 9859
6472.318 9886
6472.42 9854
6472.52 9887
6472.622 9886
6472.724 9863
6472.826 9886
6472.926 9897
6473.028 9897
6473.13 9827
6473.232 9795
6473.332 9867
6473.434 9882
6473.536 9891
6473.636 9899
6473.738 9900
6473.84 9891
6473.942 9858
6474.042 9870
6474.144 9839
6474.246 9880
6474.348 9887
6474.448 9865
6474.55 9829
6474.652 9848
6474.752 9862
6474.854 9878
6474.956 9876
6475.058 9775
6475.158 9810
6475.26 9821
6475.362 9835
6475.462 9791
6475.564 8548
6475.666 6335
6475.768 9575
6475.868 9837
6475.97 9880
6476.072 9886
6476.174 9877
6476.274 9885
6476.376 9892
6476.478 9875
6476.578 9851
6476.68 9882
6476.782 9896
6476.884 9895
6476.984 9830
6477.086 9874
6477.188 9840
6477.29 9856
6477.39 9893
6477.492 9872
6477.594 9880
6477.694 9864
6477.796 9778
6477.898 9691
6478 9883
6478.1 9887
6478.202 9894
6478.304 9867
6478.404 9852
6478.506 9881
6478.608 9860
6478.71 9807
6478.81 9855
6478.912 9820
6479.014 9845
6479.116 9847
6479.216 9878
6479.318 9892
6479.42 9865
6479.52 9864
6479.622 9880
6479.724 9905
6479.826 9890
6479.926 9879
6480.028 9660
6480.13 9859
6480.232 9868
6480.332 9873
6480.434 9898
6480.536 9900
6480.636 9886
6480.738 9910
6480.84 9907
6480.942 9818
6481.042 9878
6481.144 9897
6481.246 9872
6481.348 9889
6481.448 9890
6481.55 9883
6481.652 9837
6481.752 9738
6481.854 4995
6481.956 8763
6482.058 9802
6482.158 9521
6482.26 9613
6482.362 9848
6482.462 9900
6482.564 9891
6482.666 9811
6482.768 7570
6482.868 8715
6482.97 9856
6483.072 9893
6483.174 9829
6483.274 9833
6483.376 9887
6483.478 9883
6483.578 9868
6483.68 9854
6483.782 9820
6483.884 9634
6483.984 9643
6484.086 9800
6484.188 9865
6484.29 9876
6484.39 9881
6484.492 9877
6484.594 9869
6484.694 9855
6484.796 9848
6484.898 9878
6485 9886
6485.1 9853
6485.202 9834
6485.304 9845
6485.404 9856
6485.506 9830
6485.608 9872
6485.71 9886
6485.81 9882
6485.912 9878
6486.014 9885
6486.116 9877
6486.216 9764
6486.318 9769
6486.42 9820
6486.52 9873
6486.622 9831
6486.724 9776
6486.826 9841
6486.926 9878
6487.028 9878
6487.13 9867
6487.232 9866
6487.332 9818
6487.434 9871
6487.536 9865
6487.636 9889
6487.738 9879
6487.84 9891
6487.942 9880
6488.042 9820
6488.144 9852
6488.246 9873
6488.348 9885
6488.448 9889
6488.55 9865
6488.652 9856
6488.752 9882
6488.854 9834
6488.956 9861
6489.058 9858
6489.158 9865
6489.26 9889
6489.362 9879
6489.462 9871
6489.564 9821
6489.666 9749
6489.768 9811
6489.868 9870
6489.97 9872
6490.072 9874
6490.174 9858
6490.274 9759
6490.376 9725
6490.478 9828
6490.578 9770
6490.68 9728
6490.782 9561
6490.884 9718
6490.984 9844
6491.086 9892
6491.188 9780
6491.29 9773
6491.39 9848
6491.492 9206
6491.594 7358
6491.694 9053
6491.796 9843
6491.898 9881
6492 9860
6492.1 9868
6492.202 9859
6492.304 9862
6492.404 9876
6492.506 9867
6492.608 9870
6492.71 9818
6492.81 9856
6492.912 9754
6493.014 9557
6493.116 9773
6493.216 9800
6493.318 9818
6493.42 9827
6493.52 9709
6493.622 9291
6493.724 5041
6493.826 3429
6493.926 8934
6494.028 9612
6494.13 9682
6494.232 9761
6494.332 9703
6494.434 9076
6494.536 8068
6494.636 9469
6494.738 9382
6494.84 8409
6494.942 3450
6495.042 3346
6495.144 8527
6495.246 9407
6495.348 9603
6495.448 9732
6495.55 9699
6495.652 9416
6495.752 6456
6495.854 9320
6495.956 9803
6496.058 9838
6496.158 9824
6496.26 9780
6496.362 9293
6496.462 4916
6496.564 8809
6496.666 9681
6496.768 9478
6496.868 4697
6496.97 6934
6497.072 9516
6497.174 9820
6497.274 9855
6497.376 9854
6497.478 9857
6497.578 9837
6497.68 9642
6497.782 9818
6497.884 9877
6497.984 9875
6498.086 9882
6498.188 9838
6498.29 9848
6498.39 9843
6498.492 9836
6498.594 9855
6498.694 9863
6498.796 9802
6498.898 7997
6499 8326
6499.1 9793
6499.202 9711
6499.304 9771
6499.404 9789
6499.506 9598
6499.608 5563
6499.71 6492
6499.81 9622
6499.912 9821
6500.014 9868
6500.116 9873
6500.216 9881
6500.318 9885
6500.42 9889
6500.52 9886
6500.622 9897
6500.724 9882
6500.826 9820
6500.926 9864
6501.028 9870
6501.13 9671
6501.232 9408
6501.332 9827
6501.434 9876
6501.536 9874
6501.636 8652
6501.738 9213
6501.84 9863
6501.942 9880
6502.042 9875
6502.144 9767
6502.246 9721
6502.348 9842
6502.448 9819
6502.55 9882
6502.652 9888
6502.752 9819
6502.854 9844
6502.956 9836
6503.058 9853
6503.158 9863
6503.26 9856
6503.362 9807
6503.462 9865
6503.564 9844
6503.666 9846
6503.768 9836
6503.868 9859
6503.97 9770
6504.072 9618
6504.174 8846
6504.274 9735
6504.376 9852
6504.478 9803
6504.578 9862
6504.68 9875
6504.782 9861
6504.884 9830
6504.984 9874
6505.086 9887
6505.188 9846
6505.29 9786
6505.39 9759
6505.492 9781
6505.594 9858
6505.694 9882
6505.796 9863
6505.898 9862
6506 9856
6506.1 9861
6506.202 9850
6506.304 9665
6506.404 9768
6506.506 9847
6506.608 9838
6506.71 9856
6506.81 9851
6506.912 9858
6507.014 9797
6507.116 9842
6507.216 9826
6507.318 9878
6507.42 9886
6507.52 9823
6507.622 9870
6507.724 9883
6507.826 9891
6507.926 9884
6508.028 9867
6508.13 9699
6508.232 9830
6508.332 9879
6508.434 9882
6508.536 9824
6508.636 9842
6508.738 9742
6508.84 9086
6508.942 9808
6509.042 9881
6509.144 9859
6509.246 9880
6509.348 9881
6509.448 9857
6509.55 9768
6509.652 9736
6509.752 9867
6509.854 9893
6509.956 9880
6510.058 9851
6510.158 9831
6510.26 9877
6510.362 9831
6510.462 9892
6510.564 9895
6510.666 9883
6510.768 9900
6510.868 9893
6510.97 9868
6511.072 9860
6511.174 9861
6511.274 9881
6511.376 9866
6511.478 9881
6511.578 9881
6511.68 9866
6511.782 9851
6511.884 9866
6511.984 9808
6512.086 9821
6512.188 9787
6512.29 9859
6512.39 9884
6512.492 9860
6512.594 9823
6512.694 9858
6512.796 9869
6512.898 9898
6513 9739
6513.1 9754
6513.202 9850
6513.304 9867
6513.404 9876
6513.506 9879
6513.608 9844
6513.71 9858
6513.81 9859
6513.912 9885
6514.014 9809
6514.116 9848
6514.216 9874
6514.318 9852
6514.42 9828
6514.52 9878
6514.622 9853
6514.724 9566
6514.826 9765
6514.926 9858
6515.028 9877
6515.13 9890
6515.232 9865
6515.332 9882
6515.434 9893
6515.536 9894
6515.636 9843
6515.738 9876
6515.84 9673
6515.942 9746
6516.042 7037
6516.144 7747
6516.246 9747
6516.348 9867
6516.448 9799
6516.55 9699
6516.652 9745
6516.752 9820
6516.854 9862
6516.956 9711
6517.058 9532
6517.158 9851
6517.26 9835
6517.362 9888
6517.462 9893
6517.564 9883
6517.666 9865
6517.768 9872
6517.868 9862
6517.97 9783
6518.072 9844
6518.174 9821
6518.274 9448
6518.376 4820
6518.478 9425
6518.578 9767
6518.68 9260
6518.782 8737
6518.884 9559
6518.984 9775
6519.086 9853
6519.188 9864
6519.29 9836
6519.39 9712
6519.492 9788
6519.594 9865
6519.694 9769
6519.796 9807
6519.898 9845
6520 9842
6520.1 9830
6520.202 9859
6520.304 9869
6520.404 9882
6520.506 9892
6520.608 9880
6520.71 9865
6520.81 9860
6520.912 9879
6521.014 9854
6521.116 9847
6521.216 9884
6521.318 9879
6521.42 9879
6521.52 9883
6521.622 9891
6521.724 9866
6521.826 9850
6521.926 9845
6522.028 9843
6522.13 9832
6522.232 9842
6522.332 9849
6522.434 9857
6522.536 9878
6522.636 9840
6522.738 9809
6522.84 9780
6522.942 9789
6523.042 9858
6523.144 9871
6523.246 9886
6523.348 9868
6523.448 9843
6523.55 9869
6523.652 9831
6523.752 9815
6523.854 9687
6523.956 9817
6524.058 9882
6524.158 9890
6524.26 9880
6524.362 9898
6524.462 9896
6524.564 9891
6524.666 9877
6524.768 9854
6524.868 9870
6524.97 9888
6525.072 9868
6525.174 9885
6525.274 9903
6525.376 9908
6525.478 9896
6525.578 9891
6525.68 9897
6525.782 9865
6525.884 9877
6525.984 9806
6526.086 9819
6526.188 9842
6526.29 9777
6526.39 9522
6526.492 9601
6526.594 8949
6526.694 8833
6526.796 9623
6526.898 9663
6527 9639
6527.1 9316
6527.202 7438
6527.304 8955
6527.404 9594
6527.506 9748
6527.608 9765
6527.71 9840
6527.81 9862
6527.912 9883
6528.014 9855
6528.116 9851
6528.216 9890
6528.318 9893
6528.42 9838
6528.52 9101
6528.622 9630
6528.724 9824
6528.826 9861
6528.926 9888
6529.028 9891
6529.13 9826
6529.232 9799
6529.332 9877
6529.434 9814
6529.536 9869
6529.636 9865
6529.738 9871
6529.84 9874
6529.942 9847
6530.042 9824
6530.144 9876
6530.246 9880
6530.348 9895
6530.448 9895
6530.55 9815
6530.652 9878
6530.752 9895
6530.854 9887
6530.956 9888
6531.058 9836
6531.158 9879
6531.26 9901
6531.362 9755
6531.462 9517
6531.564 9864
6531.666 9867
6531.768 9888
6531.868 9851
6531.97 9834
6532.072 9872
6532.174 9878
6532.274 9812
6532.376 9047
6532.478 9809
6532.578 9791
6532.68 9883
6532.782 9789
6532.884 8417
6532.984 9773
6533.086 9815
6533.188 9819
6533.29 9874
6533.39 9860
6533.492 9786
6533.594 9859
6533.694 9855
6533.796 9775
6533.898 7584
6534 8384
6534.1 9707
6534.202 9739
6534.304 9793
6534.404 9848
6534.506 9872
6534.608 9856
6534.71 9828
6534.81 9873
6534.912 9828
6535.014 9778
6535.116 9849
6535.216 9830
6535.318 9860
6535.42 9882
6535.52 9845
6535.622 9844
6535.724 9878
6535.826 9876
6535.926 9881
6536.028 9868
6536.13 9881
6536.232 9878
6536.332 9851
6536.434 9759
6536.536 9771
6536.636 9774
6536.738 9590
6536.84 9855
6536.942 9862
6537.042 9829
6537.144 9836
6537.246 9802
6537.348 9823
6537.448 9774
6537.55 9850
6537.652 9883
6537.752 9888
6537.854 9836
6537.956 9635
6538.058 9849
6538.158 9875
6538.26 9866
6538.362 9839
6538.462 9685
6538.564 9625
6538.666 9767
6538.768 9848
6538.868 9885
6538.97 9891
6539.072 9849
6539.174 9872
6539.274 9839
6539.376 9836
6539.478 9849
6539.578 9866
6539.68 9880
6539.782 9867
6539.884 9865
6539.984 9860
6540.086 9874
6540.188 9882
6540.29 9880
6540.39 9866
6540.492 9816
6540.594 9852
6540.694 9876
6540.796 9869
6540.898 9863
6541 9863
6541.1 9856
6541.202 9805
6541.304 9762
6541.404 9841
6541.506 9868
6541.608 9855
6541.71 9821
6541.81 9847
6541.912 9872
6542.014 9847
6542.116 9785
6542.216 9781
6542.318 9415
6542.42 9808
6542.52 9852
6542.622 9857
6542.724 9820
6542.826 9800
6542.926 9830
6543.028 9764
6543.13 9830
6543.232 9798
6543.332 9830
6543.434 9793
6543.536 9776
6543.636 9805
6543.738 9772
6543.84 9644
6543.942 9095
6544.042 9753
6544.144 9810
6544.246 9822
6544.348 9805
6544.448 9813
6544.55 9826
6544.652 9810
6544.752 9714
6544.854 9757
6544.956 9810
6545.058 9762
6545.158 9811
6545.26 9805
6545.362 9820
6545.462 9801
6545.564 9799
6545.666 9711
6545.768 9642
6545.868 9727
6545.97 9679
6546.072 9515
6546.174 6754
6546.274 3411
6546.376 9071
6546.478 9644
6546.578 9717
6546.68 9740
6546.782 9750
6546.884 9750
6546.984 9724
6547.086 9764
6547.188 9767
6547.29 9679
6547.39 9751
6547.492 9721
6547.594 9649
6547.694 9182
6547.796 9635
6547.898 9720
6548 9736
6548.1 9648
6548.202 9697
6548.304 9585
6548.404 9703
6548.506 9697
6548.608 8967
6548.71 9651
6548.81 9718
6548.912 9698
6549.014 9667
6549.116 9684
6549.216 9697
6549.318 9699
6549.42 9707
6549.52 9686
6549.622 9699
6549.724 9694
6549.826 9696
6549.926 9676
6550.028 9654
6550.13 9654
6550.232 9529
6550.332 9575
6550.434 9639
6550.536 9622
6550.636 9644
6550.738 9642
6550.84 9592
6550.942 9599
6551.042 9636
6551.144 9634
6551.246 9634
6551.348 9573
6551.448 9544
6551.55 9539
6551.652 9228
6551.752 9525
6551.854 9602
6551.956 9580
6552.058 9490
6552.158 9564
6552.26 9562
6552.362 9540
6552.462 9507
6552.564 9388
6552.666 9019
6552.768 9424
6552.868 9495
6552.97 9481
6553.072 9494
6553.174 9468
6553.274 9477
6553.376 9482
6553.478 9446
6553.578 9454
6553.68 9437
6553.782 9101
6553.884 9292
6553.984 9389
6554.086 9386
6554.188 8689
6554.29 8991
6554.39 9327
6554.492 9355
6554.594 9329
6554.694 9285
6554.796 9145
6554.898 9202
6555 9243
6555.1 9124
6555.202 9099
6555.304 8883
6555.404 7672
6555.506 7310
6555.608 8903
6555.71 9078
6555.81 9019
6555.912 9056
6556.014 8634
6556.116 8421
6556.216 9077
6556.318 9077
6556.42 9067
6556.52 9055
6556.622 9036
6556.724 8825
6556.826 8268
6556.926 8959
6557.028 8972
6557.13 8874
6557.232 8806
6557.332 8905
6557.434 8887
6557.536 8854
6557.636 8840
6557.738 8803
6557.84 8753
6557.942 8742
6558.042 8674
6558.144 8531
6558.246 8633
6558.348 8653
6558.448 8618
6558.55 8574
6558.652 8567
6558.752 8570
6558.854 8496
6558.956 8500
6559.058 8472
6559.158 8447
6559.26 8417
6559.362 8379
6559.462 8294
6559.564 6936
6559.666 8103
6559.768 8104
6559.868 8156
6559.97 8118
6560.072 8053
6560.174 7950
6560.274 7851
6560.376 7847
6560.478 7531
6560.578 6654
6560.68 7513
6560.782 7608
6560.884 7559
6560.984 7487
6561.086 7345
6561.188 7310
6561.29 7213
6561.39 7114
6561.492 7000
6561.594 6877
6561.694 6734
6561.796 6567
6561.898 6360
6562 6098
6562.1 5701
6562.202 4999
6562.304 3942
6562.404 2896
6562.506 2214
6562.608 1843
6562.71 1661
6562.81 1605
6562.912 1648
6563.014 1820
6563.116 2191
6563.216 2905
6563.318 3984
6563.42 4887
6563.52 5576
6563.622 6069
6563.724 6343
6563.826 6546
6563.926 6685
6564.028 6744
6564.13 6886
6564.232 6852
6564.332 7164
6564.434 7269
6564.536 7357
6564.636 7433
6564.738 7512
6564.84 7569
6564.942 7643
6565.042 7703
6565.144 7770
6565.246 7831
6565.348 7845
6565.448 7835
6565.55 7802
6565.652 8018
6565.752 8074
6565.854 8092
6565.956 8141
6566.058 8179
6566.158 8232
6566.26 8270
6566.362 8299
6566.462 8322
6566.564 8337
6566.666 8381
6566.768 8423
6566.868 8455
6566.97 8474
6567.072 8519
6567.174 8531
6567.274 8574
6567.376 8569
6567.478 8609
6567.578 8649
6567.68 8658
6567.782 8680
6567.884 8719
6567.984 8735
6568.086 8756
6568.188 8771
6568.29 8801
6568.39 8808
6568.492 8835
6568.594 8845
6568.694 8837
6568.796 8852
6568.898 8832
6569 8789
6569.1 8476
6569.202 4375
6569.304 7633
6569.404 8798
6569.506 8967
6569.608 9001
6569.71 9038
6569.81 9044
6569.912 9040
6570.014 9045
6570.116 9111
6570.216 9084
6570.318 9135
6570.42 9135
6570.52 9132
6570.622 9051
6570.724 9032
6570.826 8971
6570.926 9137
6571.028 9203
6571.13 9073
6571.232 9199
6571.332 9286
6571.434 9296
6571.536 9288
6571.636 9330
6571.738 9338
6571.84 9340
6571.942 9342
6572.042 9259
6572.144 9333
6572.246 9308
6572.348 9393
6572.448 9425
6572.55 9344
6572.652 9390
6572.752 7625
6572.854 8811
6572.956 9404
6573.058 9470
6573.158 9494
6573.26 9508
6573.362 9502
6573.462 9498
6573.564 9515
6573.666 9521
6573.768 9509
6573.868 9541
6573.97 9508
6574.072 9546
6574.174 8907
6574.274 8229
6574.376 9543
6574.478 9531
6574.578 9563
6574.68 9556
6574.782 9501
6574.884 9400
6574.984 6173
6575.086 7840
6575.188 9414
6575.29 9542
6575.39 9595
6575.492 9629
6575.594 9642
6575.694 9650
6575.796 9649
6575.898 9601
6576 9660
6576.1 9665
6576.202 9565
6576.304 9534
6576.404 9520
6576.506 9653
6576.608 9651
6576.71 9682
6576.81 9672
6576.912 9598
6577.014 9683
6577.116 9692
6577.216 9707
6577.318 9704
6577.42 9714
6577.52 9703
6577.622 9681
6577.724 9715
6577.826 9716
6577.926 9725
6578.028 9714
6578.13 9725
6578.232 9729
6578.332 9730
6578.434 9717
6578.536 9743
6578.636 9721
6578.738 9731
6578.84 9709
6578.942 9716
6579.042 9737
6579.144 9720
6579.246 9743
6579.348 9695
6579.448 9738
6579.55 9759
6579.652 9766
6579.752 9762
6579.854 9744
6579.956 9678
6580.058 9727
6580.158 9495
6580.26 9290
6580.362 9760
6580.462 9795
6580.564 9801
6580.666 9781
6580.768 9695
6580.868 9739
6580.97 9697
6581.072 9679
6581.174 8941
6581.274 9346
6581.376 9787
6581.478 9806
6581.578 9794
6581.68 9767
6581.782 9803
6581.884 9809
6581.984 9824
6582.086 9782
6582.188 9787
6582.29 9828
6582.39 9819
6582.492 9839
6582.594 9809
6582.694 9802
6582.796 9843
6582.898 9768
6583 9852
6583.1 9839
6583.202 9794
6583.304 9814
6583.404 9802
6583.506 9750
6583.608 9491
6583.71 8925
6583.81 9671
6583.912 9802
6584.014 9844
6584.116 9861
6584.216 9859
6584.318 9850
6584.42 9827
6584.52 9673
6584.622 9708
6584.724 9810
6584.826 9863
6584.926 9888
6585.028 9883
6585.13 9861
6585.232 9823
6585.332 9838
6585.434 9822
6585.536 9798
6585.636 9842
6585.738 9851
6585.84 9885
6585.942 9885
6586.042 9876
6586.144 9832
6586.246 8996
6586.348 7056
6586.448 9711
6586.55 9823
6586.652 9644
6586.752 9731
6586.854 9848
6586.956 9871
6587.058 9856
6587.158 9855
6587.26 9870
6587.362 9858
6587.462 9768
6587.564 9294
6587.666 9187
6587.768 9687
6587.868 9804
6587.97 9864
6588.072 9868
6588.174 9820
6588.274 9879
6588.376 9903
6588.478 9898
6588.578 9856
6588.68 9864
6588.782 9902
6588.884 9900
6588.984 9879
6589.086 9801
6589.188 9892
6589.29 9841
6589.39 9847
6589.492 9890
6589.594 9879
6589.694 9888
6589.796 9876
6589.898 9877
6590 9827
6590.1 9878
6590.202 9901
6590.304 9897
6590.404 9888
6590.506 9844
6590.608 9888
6590.71 9884
6590.81 9876
6590.912 9881
6591.014 9886
6591.116 9888
6591.216 9817
6591.318 8945
6591.42 9802
6591.52 9883
6591.622 9825
6591.724 9870
6591.826 9862
6591.926 9833
6592.028 9861
6592.13 9838
6592.232 9844
6592.332 9816
6592.434 9496
6592.536 8347
6592.636 9560
6592.738 9496
6592.84 6894
6592.942 3102
6593.042 8696
6593.144 9590
6593.246 9744
6593.348 9776
6593.448 9818
6593.55 9819
6593.652 9790
6593.752 9524
6593.854 4145
6593.956 7903
6594.058 9623
6594.158 9803
6594.26 9831
6594.362 9826
6594.462 9824
6594.564 9844
6594.666 9762
6594.768 9839
6594.868 9844
6594.97 9811
6595.072 9824
6595.174 9854
6595.274 9757
6595.376 9821
6595.478 9871
6595.578 9878
6595.68 9877
6595.782 9776
6595.884 9541
6595.984 9774
6596.086 9870
6596.188 9824
6596.29 9833
6596.39 9861
6596.492 9852
6596.594 9854
6596.694 9879
6596.796 9871
6596.898 9854
6597 9856
6597.1 9833
6597.202 9864
6597.304 9826
6597.404 9807
6597.506 8243
6597.608 7693
6597.71 9737
6597.81 9865
6597.912 9881
6598.014 9883
6598.116 9861
6598.216 9862
6598.318 9750
6598.42 9803
6598.52 9520
6598.622 7932
6598.724 9754
6598.826 9884
6598.926 9878
6599.028 9816
6599.13 9148
6599.232 9854
6599.332 9837
6599.434 9899
6599.536 9881
6599.636 9868
6599.738 9890
6599.84 9858
6599.942 9891
6600.042 9886
6600.144 9886
6600.246 9873
6600.348 9871
6600.448 9874
6600.55 9875
6600.652 9883
6600.752 9858
6600.854 9855
6600.956 9884
6601.058 9878
6601.158 9850
6601.26 9891
6601.362 9869
6601.462 9815
6601.564 9862
6601.666 9890
6601.768 9875
6601.868 9884
6601.97 9879
6602.072 9857
6602.174 9874
6602.274 9838
6602.376 9824
6602.478 9850
6602.578 9884
6602.68 9871
6602.782 9879
6602.884 9890
6602.984 9896
6603.086 9888
6603.188 9779
6603.29 9803
6603.39 9782
6603.492 9880
6603.594 9874
6603.694 9880
6603.796 9883
6603.898 9890
6604 9886
6604.1 9882
6604.202 9877
6604.304 9857
6604.404 9802
6604.506 9432
6604.608 6956
6604.71 9655
6604.81 9852
6604.912 9870
6605.014 9866
6605.116 9867
6605.216 9866
6605.318 9865
6605.42 9797
6605.52 9642
6605.622 9716
6605.724 9761
6605.826 9707
6605.926 9583
6606.028 9743
6606.13 9869
6606.232 9880
6606.332 9892
6606.434 9895
6606.536 9882
6606.636 9894
6606.738 9819
6606.84 9847
6606.942 9255
6607.042 9761
6607.144 9837
6607.246 9798
6607.348 9795
6607.448 9827
6607.55 9865
6607.652 9864
6607.752 9871
6607.854 9844
6607.956 9669
6608.058 8619
6608.158 9844
6608.26 9880
6608.362 9880
6608.462 9885
6608.564 9885
6608.666 9886
6608.768 9872
6608.868 9827
6608.97 9536
6609.072 6652
6609.174 7340
6609.274 9768
6609.376 9837
6609.478 9754
6609.578 9109
6609.68 9316
6609.782 9812
6609.884 9846
6609.984 9879
6610.086 9865
6610.188 9883
6610.29 9886
6610.39 9882
6610.492 9878
6610.594 9869
6610.694 9828
6610.796 9789
6610.898 9846
6611 9868
6611.1 9884
6611.202 9868
6611.304 9844
6611.404 9837
6611.506 9862
6611.608 9879
6611.71 9884
6611.81 9881
6611.912 9821
6612.014 9862
6612.116 9823
6612.216 9649
6612.318 9864
6612.42 9883
6612.52 9874
6612.622 9883
6612.724 9896
6612.826 9887
6612.926 9878
6613.028 9891
6613.13 9889
6613.232 9880
6613.332 9781
6613.434 8994
6613.536 9772
6613.636 9833
6613.738 9396
6613.84 9287
6613.942 9862
6614.042 9889
6614.144 9877
6614.246 9875
6614.348 9892
6614.448 9878
6614.55 9879
6614.652 9851
6614.752 9878
6614.854 9885
6614.956 9843
6615.058 9878
6615.158 9897
6615.26 9892
6615.362 9895
6615.462 9902
6615.564 9886
6615.666 9866
6615.768 9894
6615.868 9896
6615.97 9892
6616.072 9843
6616.174 9849
6616.274 9893
6616.376 9895
6616.478 9896
6616.578 9891
6616.68 9882
6616.782 9808
6616.884 9822
6616.984 9828
6617.086 9731
6617.188 9827
6617.29 9857
6617.39 9888
6617.492 9852
6617.594 9750
6617.694 9749
6617.796 9735
6617.898 9833
6618 9866
6618.1 9874
6618.202 9878
6618.304 9804
6618.404 9838
6618.506 9867
6618.608 9885
6618.71 9881
6618.81 9887
6618.912 9888
6619.014 9867
6619.116 9851
6619.216 9878
6619.318 9864
6619.42 9848
6619.52 9719
6619.622 9764
6619.724 9844
6619.826 9873
6619.926 9876
6620.028 9880
6620.13 9885
6620.232 9897
6620.332 9892
6620.434 9897
6620.536 9886
6620.636 9894
6620.738 9888
6620.84 9885
6620.942 9884
6621.042 9881
6621.144 9754
6621.246 9864
6621.348 9860
6621.448 9894
6621.55 9880
6621.652 9894
6621.752 9899
6621.854 9891
6621.956 9864
6622.058 9893
6622.158 9854
6622.26 9877
6622.362 9829
6622.462 9844
6622.564 9884
6622.666 9878
6622.768 9886
6622.868 9849
6622.97 9876
6623.072 9883
6623.174 9889
6623.274 9861
6623.376 9879
6623.478 9890
6623.578 9881
6623.68 9839
6623.782 9721
6623.884 9787
6623.984 9812
6624.086 9877
6624.188 9867
6624.29 9785
6624.39 9770
6624.492 9866
6624.594 9859
6624.694 9878
6624.796 9729
6624.898 9771
6625 8918
6625.1 9661
6625.202 9866
6625.304 9887
6625.404 9893
6625.506 9885
6625.608 9884
6625.71 9891
6625.81 9888
6625.912 9898
6626.014 9883
6626.116 9818
6626.216 9805
6626.318 9876
6626.42 9835
6626.52 9884
6626.622 9882
6626.724 9886
6626.826 9885
6626.926 9895
6627.028 9892
6627.13 9877
6627.232 9771
6627.332 9857
6627.434 9767
6627.536 7532
6627.636 9420
6627.738 9858
6627.84 9873
6627.942 9884
6628.042 9875
6628.144 9853
6628.246 9881
6628.348 9850
6628.448 9856
6628.55 9876
6628.652 9879
6628.752 9872
6628.854 9814
6628.956 9817
6629.058 9830
6629.158 9889
6629.26 9890
6629.362 9898
6629.462 9897
6629.564 9883
6629.666 9776
6629.768 9872
6629.868 9855
6629.97 9609
6630.072 9700
6630.174 9894
6630.274 9899
6630.376 9899
6630.478 9900
6630.578 9879
6630.68 9864
6630.782 9844
6630.884 9844
6630.984 9775
6631.086 9711
6631.188 9808
6631.29 9799
6631.39 9825
6631.492 9794
6631.594 9788
6631.694 9704
6631.796 9738
6631.898 9727
6632 9664
6632.1 9781
6632.202 9824
6632.304 9815
6632.404 9433
6632.506 9560
6632.608 9842
6632.71 9838
6632.81 9871
6632.912 9872
6633.014 9865
6633.116 9825
6633.216 9789
6633.318 9553
6633.42 7530
6633.52 9497
6633.622 9471
6633.724 5652
6633.826 8079
6633.926 9592
6634.028 9319
6634.13 7508
6634.232 9371
6634.332 9678
6634.434 9762
6634.536 9768
6634.636 9812
6634.738 9839
6634.84 9830
6634.942 9798
6635.042 9434
6635.144 7988
6635.246 9709
6635.348 9855
6635.448 9843
6635.55 9807
6635.652 9278
6635.752 9489
6635.854 9831
6635.956 9858
6636.058 9857
6636.158 9850
6636.26 9824
6636.362 9740
6636.462 9855
6636.564 9873
6636.666 9879
6636.768 9859
6636.868 9859
6636.97 9845
6637.072 9882
6637.174 9860
6637.274 9882
6637.376 9897
6637.478 9889
6637.578 9873
6637.68 9882
6637.782 9838
6637.884 9820
6637.984 9823
6638.086 9773
6638.188 9774
6638.29 9823
6638.39 9829
6638.492 9850
6638.594 9848
6638.694 9876
6638.796 9878
6638.898 9892
6639 9883
6639.1 9891
6639.202 9891
6639.304 9867
6639.404 9834
6639.506 9801
6639.608 9670
6639.71 8146
6639.81 9492
6639.912 9056
6640.014 9808
6640.116 9874
6640.216 9883
6640.318 9881
6640.42 9850
6640.52 9827
6640.622 9872
6640.724 9881
6640.826 9873
6640.926 9876
6641.028 9898
6641.13 9894
6641.232 9878
6641.332 9876
6641.434 9902
6641.536 9876
6641.636 9890
6641.738 9901
6641.84 9889
6641.942 9892
6642.042 9894
6642.144 9859
6642.246 9853
6642.348 9892
6642.448 9893
6642.55 9805
6642.652 9874
6642.752 9874
6642.854 9880
6642.956 9871
6643.058 9813
6643.158 9868
6643.26 9850
6643.362 9865
6643.462 9761
6643.564 6539
6643.666 4118
6643.768 9496
6643.868 9829
6643.97 9877
6644.072 9879
6644.174 9891
6644.274 9770
6644.376 9824
6644.478 9885
6644.578 9901
6644.68 9907
6644.782 9890
6644.884 9883
6644.984 9866
6645.086 9559
6645.188 9717
6645.29 9808
6645.39 9754
6645.492 9861
6645.594 9893
6645.694 9900
6645.796 9898
6645.898 9861
6646 9851
6646.1 9853
6646.202 9892
6646.304 9900
6646.404 9898
6646.506 9889
6646.608 9839
6646.71 9839
6646.81 9852
6646.912 9215
6647.014 9728
6647.116 9882
6647.216 9892
6647.318 9874
6647.42 9872
6647.52 9876
6647.622 9893
6647.724 9858
6647.826 9779
6647.926 9849
6648.028 9730
6648.13 9565
6648.232 9852
6648.332 9890
6648.434 9890
6648.536 9888
6648.636 9879
6648.738 9859
6648.84 9865
6648.942 9873
6649.042 9879
6649.144 9872
6649.246 9867
6649.348 9852
6649.448 9853
6649.55 9861
6649.652 9897
6649.752 9888
6649.854 9894
6649.956 9895
6650.058 9891
6650.158 9864
6650.26 9877
6650.362 9888
6650.462 9834
6650.564 9859
6650.666 9900
6650.768 9906
6650.868 9897
6650.97 9869
6651.072 9812
6651.174 9863
6651.274 9889
6651.376 9884
6651.478 9857
6651.578 9895
6651.68 9884
6651.782 9876
6651.884 9853
6651.984 9884
6652.086 9889
6652.188 9854
6652.29 9735
6652.39 9822
6652.492 9893
6652.594 9889
6652.694 9869
6652.796 9901
6652.898 9868
6653 9819
6653.1 9890
6653.202 9860
6653.304 9842
6653.404 9886
6653.506 9904
6653.608 9856
6653.71 9879
6653.81 9483
6653.912 9525
6654.014 9852
6654.116 9877
6654.216 9882
6654.318 9860
6654.42 9889
6654.52 9850
6654.622 9860
6654.724 9886
6654.826 9895
6654.926 9873
6655.028 9884
6655.13 9880
6655.232 9877
6655.332 9888
6655.434 9803
6655.536 9709
6655.636 9833
6655.738 9883
6655.84 9905
6655.942 9887
6656.042 9860
6656.144 9887
6656.246 9841
6656.348 9821
6656.448 9863
6656.55 9822
6656.652 9869
6656.752 9875
6656.854 9854
6656.956 9806
6657.058 9870
6657.158 9884
6657.26 9868
6657.362 9862
6657.462 9869
6657.564 9767
6657.666 9855
6657.768 9880
6657.868 9896
6657.97 9899
6658.072 9901
6658.174 9904
6658.274 9887
6658.376 9881
6658.478 9881
6658.578 9857
6658.68 9895
6658.782 9906
6658.884 9887
6658.984 9878
6659.086 9899
6659.188 9871
6659.29 9896
6659.39 9879
6659.492 9850
6659.594 9886
6659.694 9882
6659.796 9682
6659.898 9719
6660 9879
6660.1 9883
6660.202 9874
6660.304 9854
6660.404 9884
6660.506 9873
6660.608 9851
6660.71 9869
6660.81 9851
6660.912 9844
6661.014 9535
6661.116 9118
6661.216 9767
6661.318 9307
6661.42 9738
6661.52 9864
6661.622 9845
6661.724 9874
6661.826 9848
6661.926 9853
6662.028 9871
6662.13 9875
6662.232 9858
6662.332 9842
6662.434 9809
6662.536 9803
6662.636 9853
6662.738 9830
6662.84 9819
6662.942 9744
6663.042 9730
6663.144 9468
6663.246 6991
6663.348 8909
6663.448 3609
6663.55 9051
6663.652 9806
6663.752 9836
6663.854 9819
6663.956 9835