200 1 1s 1 -1 0.0 2 1.0
211 1 2p 1 -0.250401573955 0.749598426045   2 1.0
200 2 2s 1 -0.2504012524058 0.7495987475942  2 1.0
211 1 2p 3 -0.250398239738 0.749601760262   4 1.0
211 2 3p 1 -0.11158560245 0.88841439755    2 1.0
200 3 3s 1 -0.11158550676 0.88841449324    2 1.0
220 1 3d 3 -0.11158461616 0.88841538384    4 1.0
211 2 3p 3 -0.11158461454 0.88841538546    4 1.0
220 1 3d 5 -0.11158428689 0.88841571311    6 1.0
211 3 4p 1 -0.063000147727 0.936999852273   2 1.0
200 4 4s 1 -0.063000107279 0.936999892721   2 1.0
220 2 4d 3 -0.06299973157 0.93700026843    4 1.0
211 3 4p 3 -0.062999730959 0.937000269041   4 1.0
220 2 4d 5 -0.062999592723 0.937000407277   6 1.0
231 1 4f 5 -0.0629995927 0.9370004073     6 1.0
231 1 4f 7 -0.06299952343 0.93700047657    8 1.0
211 4 5p 1 -0.0405120809 0.9594879191     2 1.0
200 5 5s 1 -0.0405120602 0.9594879398     2 1.0
220 3 5d 3 -0.04051186837 0.95948813163    4 1.0
211 4 5p 3 -0.0405118675 0.9594881325     4 1.0
220 3 5d 5 -0.04051179727 0.95948820273    6 1.0
231 2 5f 5 -0.0405117969129 0.9594882030871  6 1.0
231 2 5f 7 -0.0405117617 0.9594882383     8 1.0
240 1 5g 7 -0.0405117614155 0.9594882385845  8 1.0
240 1 5g 9 -0.0405117400766 0.9594882599234  10 1.0
