211 1 3 200 1 1 0.5552 1.0
211 1 1 200 1 1 0.27762 1.0
211 1 1 200 3 1 -0.027194 1.0
211 1 3 200 3 1 -0.054396 1.0
211 1 1 200 4 1 -0.006093 1.0
211 1 3 200 4 1 -0.0121876 1.0
211 1 1 200 5 1 -0.0024278 1.0
211 1 3 200 5 1 -0.0048564 1.0
211 2 3 200 1 1 0.105522 1.0
211 2 1 200 1 1 0.052762 1.0
211 2 3 200 2 1 0.5801 1.0
211 2 1 200 2 1 0.29006 1.0
211 2 1 200 4 1 -0.064534 1.0
211 2 3 200 4 1 -0.129088 1.0
211 2 1 200 5 1 -0.0148646 1.0
211 2 3 200 5 1 -0.0297328 1.0
211 3 3 200 1 1 0.038674 1.0
211 3 1 200 1 1 0.0193372 1.0
211 3 3 200 2 1 0.137088 1.0
211 3 1 200 2 1 0.068546 1.0
211 3 3 200 3 1 0.64658 1.0
211 3 1 200 3 1 0.32332 1.0
211 3 1 200 5 1 -0.10587 1.0
211 3 3 200 5 1 -0.211768 1.0
211 4 3 200 1 1 0.018594 1.0
211 4 1 200 1 1 0.0092968 1.0
211 4 3 200 2 1 0.055936 1.0
211 4 1 200 2 1 0.027968 1.0
211 4 3 200 3 1 0.161444 1.0
211 4 1 200 3 1 0.080726 1.0
211 4 3 200 4 1 0.72586 1.0
211 4 1 200 4 1 0.36296 1.0
220 1 3 211 1 1 1.39228 1.0
220 1 5 211 1 3 2.50616 1.0
220 1 3 211 1 3 0.278464 1.0
220 1 3 211 3 3 -0.0073316 1.0
220 1 5 211 3 3 -0.065988 1.0
220 1 3 211 3 1 -0.0366652 1.0
220 1 3 211 4 3 -0.0014742 1.0
220 1 3 211 4 1 -0.007372 1.0
220 1 5 211 4 3 -0.0132684 1.0
220 2 3 211 1 1 0.24372 1.0
220 2 5 211 1 3 0.43868 1.0
220 2 3 211 1 3 0.048744 1.0
220 2 3 211 2 1 1.23718 1.0
220 2 5 211 2 3 2.227 1.0
220 2 3 211 2 3 0.247448 1.0
220 2 3 211 4 3 -0.018558 1.0
220 2 5 211 4 3 -0.167028 1.0
220 2 3 211 4 1 -0.092804 1.0
220 3 3 211 1 1 0.08879 1.0
220 3 5 211 1 3 0.15982 1.0
220 3 3 211 1 3 0.0177576 1.0
220 3 3 211 2 1 0.27862 1.0
220 3 5 211 2 3 0.50152 1.0
220 3 3 211 2 3 0.055724 1.0
220 3 3 211 3 1 1.21916 1.0
220 3 5 211 3 3 2.1946 1.0
220 3 3 211 3 3 0.243848 1.0
231 1 5 220 1 3 4.0724 1.0
231 1 7 220 1 5 5.817539999999999 1.0
231 1 5 220 1 5 0.290874 1.0
231 1 5 220 3 5 -0.00355044 1.0
231 1 7 220 3 5 -0.0710104 1.0
231 1 5 220 3 3 -0.0497088 1.0
231 2 5 220 1 3 0.62688 1.0
231 2 7 220 1 5 0.89556 1.0
231 2 5 220 1 5 0.044778 1.0
231 2 5 220 2 3 3.56288 1.0
231 2 7 220 2 5 5.08986 1.0
231 2 5 220 2 5 0.254496 1.0
240 1 7 231 1 5 8.079 1.0
240 1 9 231 1 7 10.4728 1.0
240 1 7 231 1 7 0.299224 1.0