  200  1  1s  1  -1.0  0.0  2
  211  1  2p  1  -0.25040157395499996  0.749598426045  2
  211  1  2p  3  -0.250398239738  0.749601760262  4
  200  2  2s  1  -0.2504012524058  0.7495987475942  2
  211  2  3p  1  -0.11158560245000004  0.88841439755  2
  211  2  3p  3  -0.11158461454000002  0.88841538546  4
  200  3  3s  1  -0.11158550676000001  0.88841449324  2
  220  1  3d  3  -0.11158461616000004  0.88841538384  4
  220  1  3d  5  -0.11158428689  0.88841571311  6
  211  3  4p  1  -0.06300014772700002  0.936999852273  2
  211  3  4p  3  -0.06299973095900002  0.937000269041  4
  200  4  4s  1  -0.06300010727899996  0.936999892721  2
  220  2  4d  3  -0.06299973157000005  0.93700026843  4
  220  2  4d  5  -0.06299959272300004  0.937000407277  6
  231  1  4f  5  -0.0629995927  0.9370004073  6
  231  1  4f  7  -0.06299952343000004  0.93700047657  8
  211  4  5p  1  -0.040512080900000025  0.9594879191  2
  211  4  5p  3  -0.04051186750000002  0.9594881325  4
  200  5  5s  1  -0.04051186750000002  0.9594881325  2
  220  3  5d  3  -0.04051186836999998  0.95948813163  4
  220  3  5d  5  -0.04051186836999998  0.95948813163  6
  231  2  5f  5  -0.04051186836999998  0.95948813163  6
  231  2  5f  7  -0.04051176170000004  0.9594882383  8
  240  1  5g  7  -0.04051176170000004  0.9594882383  8
  240  1  5g  9  -0.04051176170000004  0.9594882383  10
  211  5  6p  1  -0.04051176170000004  0.9594882383  2
  211  5  6p  3  -0.04051176170000004  0.9594882383  4
  200  6  6s  1  -0.028296353165999988  0.971703646834  2
  220  4  6d  3  -0.028296353165999988  0.971703646834  4
  220  4  6d  5  -0.028296200727999987  0.971703799272  6
  231  3  6f  5  -0.028296200727999987  0.971703799272  6
  231  3  6f  7  -0.028296200727999987  0.971703799272  8
  240  2  6g  7  -0.028296200727999987  0.971703799272  8
  240  2  6g  9  -0.028296200727999987  0.971703799272  10
  251  1  6h  9  -0.028296200727999987  0.971703799272  10
  251  1  6h  11  -0.028296200727999987  0.971703799272  12
